Time	CarSpeed	GPS_LAT	pBrakeF	pBrakeR	pOil	pFuel	tOil	tAir	Vbatt_Corr	tWater	mFuelCons1	WSpeed_FL	WSpeed_FR	rPedal	DistanceLap	
0:00	0,0	0,0000000	0,0	0,0	-0,01	0,55	96,4	46,6	8,5	101,5	18,880	0,0	0,0	0,2	5487	
0:02	0,0	0,0000000	0,0	0,1	0,00	0,56	96,4	46,6	8,5	101,5	18,880	0,0	0,0	0,1	5487	
0:04	0,0	0,0000000	-0,1	0,1	0,01	0,56	96,4	46,6	9,0	101,5	18,880	0,0	0,0	0,1	5487	
0:06	0,0	0,0000000	0,0	0,1	0,03	0,56	96,4	46,6	9,5	101,5	18,880	0,0	0,0	0,2	5487	
0:08	0,0	0,0000000	-0,1	0,0	0,06	0,57	96,4	46,6	9,8	101,5	18,880	0,0	0,0	0,2	5487	
0:10	0,0	0,0000000	0,0	0,0	0,09	0,57	96,4	46,6	9,6	101,5	18,880	0,0	0,0	0,3	5487	
0:12	0,0	0,0000000	0,0	0,1	0,13	0,57	96,4	46,6	9,4	101,5	18,880	0,0	0,0	0,2	0	
0:14	0,0	0,0000000	0,0	0,1	0,15	0,57	96,4	46,6	9,0	101,5	18,880	0,0	0,0	0,3	0	
0:16	0,0	0,0000000	0,0	0,1	0,16	0,57	96,4	46,6	9,3	101,5	18,880	0,0	0,0	0,3	0	
0:18	0,0	0,0000000	0,0	0,1	0,15	0,58	96,4	46,6	9,7	101,5	18,880	0,0	0,0	0,2	0	
0:20	0,0	0,0000000	0,0	0,0	0,15	0,59	96,4	46,6	10,0	101,5	18,880	0,0	0,0	0,2	0	
0:22	0,0	0,0000000	0,0	0,1	0,15	0,60	96,4	46,6	9,9	101,5	18,880	0,0	0,0	0,2	0	
0:24	0,0	0,0000000	0,0	0,1	0,15	0,60	96,4	46,6	9,7	101,5	18,880	0,0	0,0	0,2	0	
0:26	0,0	0,0000000	0,0	0,1	0,14	0,60	96,4	46,6	9,9	101,5	18,880	0,0	0,0	0,2	0	
0:28	0,0	0,0000000	0,0	0,1	0,13	0,61	96,8	46,6	10,2	101,5	18,880	0,0	0,0	0,2	0	
0:30	0,0	0,0000000	0,0	0,1	0,14	0,62	96,8	46,6	10,3	101,5	18,880	0,0	0,0	0,2	0	
0:32	0,0	0,0000000	0,0	0,1	0,15	0,62	96,8	46,6	9,9	101,5	18,880	0,0	0,0	0,2	0	
0:34	0,0	0,0000000	-0,1	0,1	0,14	0,63	96,8	46,6	10,0	101,5	18,880	0,0	0,0	0,3	0	
0:36	0,0	0,0000000	0,0	0,1	0,14	0,63	96,8	46,6	10,2	101,5	18,880	0,0	0,0	0,2	0	
0:38	0,0	0,0000000	0,0	0,0	0,14	0,64	96,8	46,6	10,4	101,5	18,880	0,0	0,0	0,3	0	
0:40	0,0	0,0000000	-0,1	0,0	0,15	0,64	96,8	46,6	10,3	101,5	18,880	0,0	0,0	0,3	0	
0:42	0,0	0,0000000	-0,1	0,1	0,15	0,65	96,8	46,6	10,1	101,5	18,880	0,0	0,0	0,2	0	
0:44	0,0	0,0000000	0,0	0,0	0,15	0,66	96,8	46,6	10,3	101,5	18,880	0,0	0,0	0,2	0	
0:46	0,0	0,0000000	0,0	0,1	0,16	0,66	96,8	46,6	10,5	101,5	18,880	0,0	0,0	0,3	0	
0:48	0,0	0,0000000	0,0	0,1	0,17	0,66	96,7	46,6	10,2	102,0	18,880	0,0	0,0	0,4	0	
0:50	0,0	0,0000000	0,0	0,1	0,17	0,67	96,7	46,6	10,2	102,0	18,880	0,0	0,0	0,2	0	
0:52	0,0	0,0000000	-0,1	0,1	0,16	0,67	96,7	46,6	10,4	102,0	18,880	0,0	0,0	0,2	0	
0:54	0,0	0,0000000	0,0	0,1	0,17	0,68	96,7	46,6	10,5	102,0	18,880	0,0	0,0	0,3	0	
0:56	0,0	0,0000000	-0,1	0,1	0,19	0,68	96,7	46,6	10,3	102,0	18,880	0,0	0,0	0,2	0	
0:58	0,0	0,0000000	0,0	0,1	0,19	0,69	96,7	46,6	10,3	102,0	18,880	0,0	0,0	0,3	0	
0:60	0,0	0,0000000	0,0	0,1	0,19	0,69	96,7	46,6	10,4	102,0	18,880	0,0	0,0	0,2	0	
0:62	0,0	0,0000000	0,0	0,1	0,20	0,70	96,7	46,6	10,7	102,0	18,880	0,0	0,0	0,2	0	
0:64	0,0	0,0000000	0,0	0,1	0,22	0,70	96,7	46,6	10,2	102,0	18,880	0,0	0,0	0,3	0	
0:66	0,0	0,0000000	-0,1	0,1	0,26	0,71	96,7	46,6	10,3	102,0	18,880	0,0	0,0	0,1	0	
0:68	0,0	0,0000000	0,0	0,1	0,29	0,72	96,8	46,6	10,4	100,5	18,880	0,0	0,0	0,2	0	
0:70	0,0	0,0000000	0,0	0,0	0,34	0,72	96,8	46,6	10,6	100,5	18,880	0,0	0,0	0,2	0	
0:72	0,0	0,0000000	0,0	0,0	0,39	0,73	96,8	46,6	10,2	100,5	18,880	0,0	0,0	0,3	0	
0:74	0,0	0,0000000	0,0	0,0	0,44	0,74	96,8	46,6	10,3	100,5	18,880	0,0	0,0	0,3	0	
0:76	0,0	0,0000000	0,0	0,1	0,45	0,75	96,8	46,6	10,5	100,5	18,880	0,0	0,0	0,3	0	
0:78	0,0	0,0000000	0,0	0,1	0,49	0,76	96,8	46,6	10,5	100,5	18,880	0,0	0,0	0,2	0	
0:80	0,0	0,0000000	0,0	0,1	0,56	0,76	96,8	46,6	10,3	100,5	18,880	0,0	0,0	0,3	0	
0:82	0,0	0,0000000	0,0	0,1	0,61	0,77	96,8	46,6	10,4	100,5	18,880	0,0	0,0	0,2	0	
0:84	0,0	0,0000000	-0,1	0,1	0,64	0,78	96,8	46,6	10,5	100,5	18,880	0,0	0,0	0,2	0	
0:86	0,0	0,0000000	0,0	0,0	0,69	0,79	96,8	46,6	10,5	100,5	18,880	0,0	0,0	0,3	0	
0:88	0,0	0,0000000	0,0	0,1	0,76	0,80	96,4	46,6	10,2	102,0	18,880	0,0	0,0	0,2	0	
0:90	0,0	0,0000000	0,0	0,1	0,79	0,80	96,4	46,6	10,4	102,0	18,880	0,0	0,0	0,2	0	
0:92	0,0	0,0000000	0,0	0,1	0,78	0,80	96,4	46,6	10,5	102,0	18,880	0,0	0,0	0,1	0	
0:94	0,0	0,0000000	-0,1	0,1	0,81	0,81	96,4	46,6	10,5	102,0	18,880	0,0	0,0	0,2	0	
0:96	0,0	0,0000000	0,0	0,1	0,83	0,81	96,4	46,6	10,2	102,0	18,880	0,0	0,0	0,3	0	
0:98	0,0	0,0000000	0,0	0,1	0,81	0,82	96,4	46,6	10,4	102,0	18,880	0,0	0,0	0,2	0	
1:00	0,0	0,0000000	0,0	0,1	0,79	0,82	96,4	46,6	10,6	102,0	18,880	0,0	0,0	0,4	0	
1:02	0,0	0,0000000	0,0	0,1	0,82	0,83	96,4	46,6	10,4	102,0	18,880	0,0	0,0	0,3	0	
1:04	0,0	0,0000000	0,0	0,0	0,83	0,84	96,4	46,6	10,3	102,0	18,880	0,0	0,0	0,2	0	
1:06	0,0	0,0000000	0,0	0,1	0,82	0,85	96,4	46,6	10,5	102,0	18,880	0,0	0,0	0,2	0	
1:08	0,0	0,0000000	0,0	0,1	0,84	0,85	96,7	46,6	10,6	102,0	18,880	0,0	0,0	0,2	0	
1:10	0,0	0,0000000	-0,1	0,1	0,89	0,85	96,7	46,6	10,4	102,0	18,880	0,0	0,0	0,2	0	
1:12	0,0	0,0000000	-0,1	0,1	0,91	0,86	96,7	46,6	10,4	102,0	18,880	0,0	0,0	0,2	0	
1:14	0,0	0,0000000	0,0	0,0	0,93	0,86	96,7	46,6	10,6	102,0	18,880	0,0	0,0	0,2	0	
1:16	0,0	0,0000000	-0,1	0,0	1,07	0,87	96,7	46,6	10,8	102,0	18,880	0,0	0,0	0,3	0	
1:18	0,0	0,0000000	0,0	0,0	1,33	0,89	96,7	46,6	11,0	102,0	18,880	0,0	0,0	0,2	0	
1:20	0,0	0,0000000	-0,1	0,1	1,68	0,90	96,7	46,6	11,1	102,0	18,880	0,0	0,0	0,2	0	
1:22	0,0	0,0000000	0,0	0,1	2,04	0,92	96,7	46,6	11,2	102,0	18,880	0,0	0,0	0,2	0	
1:24	0,0	0,0000000	-0,1	0,1	2,39	0,93	96,7	46,6	11,3	102,0	18,880	0,0	0,0	0,2	0	
1:26	0,0	0,0000000	0,0	0,1	2,70	0,95	96,7	46,6	11,3	102,0	18,880	0,0	0,0	0,3	0	
1:28	0,0	0,0000000	0,0	0,1	2,98	0,97	96,6	46,6	11,3	102,0	18,880	0,0	0,0	0,3	0	
1:30	0,0	0,0000000	-0,1	0,1	3,23	0,99	96,6	46,6	11,5	102,0	18,880	0,0	0,0	0,4	0	
1:32	0,0	0,0000000	0,0	0,1	3,46	1,01	96,6	46,6	11,5	102,0	18,880	0,0	0,0	0,2	0	
1:34	0,0	0,0000000	0,1	0,1	3,71	1,03	96,6	46,6	11,5	102,0	18,880	0,0	0,0	0,4	0	
1:36	0,0	0,0000000	0,0	0,1	3,97	1,05	96,6	46,6	11,5	102,0	18,880	0,0	0,0	0,2	0	
1:38	0,0	0,0000000	-0,1	0,1	4,22	1,08	96,6	46,6	11,6	102,0	18,880	0,0	0,0	0,1	0	
1:40	0,0	0,0000000	0,0	0,1	4,40	1,09	96,6	46,6	11,6	102,0	18,880	0,0	0,0	0,2	0	
1:42	0,0	0,0000000	0,0	0,1	4,51	1,12	96,6	46,6	11,6	102,0	18,880	0,0	0,0	0,2	0	
1:44	0,0	0,0000000	0,0	0,1	4,56	1,13	96,6	46,6	12,5	102,0	18,880	0,0	0,0	0,1	0	
1:46	0,0	0,0000000	-0,1	0,1	4,56	1,16	96,6	46,6	12,5	102,0	18,880	0,0	0,0	0,2	0	
1:48	0,0	0,0000000	0,0	0,1	4,51	1,19	96,4	46,5	12,6	102,8	18,880	0,0	0,0	0,2	0	
1:50	0,0	0,0000000	-0,1	0,1	4,43	1,23	96,4	46,5	12,6	102,8	18,880	0,0	0,0	0,3	0	
1:52	0,0	0,0000000	-0,1	0,1	4,34	1,31	96,4	46,5	12,6	102,8	18,880	0,0	0,0	0,1	0	
1:54	0,0	0,0000000	0,0	0,1	4,27	1,38	96,4	46,5	12,6	102,8	18,880	0,0	0,0	0,4	0	
1:56	0,0	0,0000000	0,0	0,1	4,22	1,44	96,4	46,5	12,6	102,8	18,880	0,0	0,0	0,3	0	
1:58	0,0	0,0000000	0,0	0,1	4,18	1,54	96,4	46,5	12,6	102,8	18,880	0,0	0,0	0,2	0	
1:60	0,0	0,0000000	0,0	0,0	4,14	1,88	96,4	46,5	12,7	102,8	18,880	0,0	0,0	0,2	0	
1:62	0,0	0,0000000	-0,1	0,1	4,07	2,21	96,4	46,5	12,7	102,8	18,880	0,0	0,0	0,2	0	
1:64	0,0	0,0000000	0,0	0,0	3,99	2,38	96,4	46,5	12,7	102,8	18,880	0,0	0,0	0,3	0	
1:66	0,0	0,0000000	0,0	0,1	3,88	2,48	96,4	46,5	12,7	102,8	18,880	0,0	0,0	0,3	0	
1:68	0,0	0,0000000	0,0	0,1	3,74	2,59	96,6	46,6	12,6	101,3	18,880	0,0	0,0	0,2	0	
1:70	0,0	0,0000000	0,0	0,1	3,57	2,73	96,6	46,6	12,7	101,3	18,880	0,0	0,0	0,3	0	
1:72	0,0	0,0000000	0,0	0,1	3,40	3,01	96,6	46,6	12,7	101,3	18,880	0,0	0,0	0,2	0	
1:74	0,0	0,0000000	0,0	0,1	3,24	3,53	96,6	46,6	12,6	101,3	18,880	0,0	0,0	0,1	0	
1:76	0,0	0,0000000	-0,1	0,1	3,08	4,61	96,6	46,6	12,6	101,3	18,880	0,0	0,0	0,2	0	
1:78	0,0	0,0000000	0,0	0,1	2,94	5,99	96,6	46,6	12,6	101,3	18,880	0,0	0,0	0,3	0	
1:80	0,0	0,0000000	0,0	0,1	2,81	6,09	96,6	46,6	12,6	101,3	18,880	0,0	0,0	0,8	0	
1:82	0,0	0,0000000	0,0	0,1	2,70	5,98	96,6	46,6	12,6	101,3	18,880	0,0	0,0	0,1	0	
1:84	0,0	0,0000000	-0,1	0,1	2,62	5,40	96,6	46,6	12,6	101,3	18,880	0,0	0,0	0,2	0	
1:86	0,0	0,0000000	0,0	0,1	2,56	5,72	96,6	46,6	12,5	101,3	18,880	0,0	0,0	0,2	0	
1:88	0,0	0,0000000	-0,1	0,0	2,51	6,24	96,1	46,5	12,6	101,3	18,880	0,0	0,0	0,4	0	
1:90	0,0	0,0000000	0,0	0,1	2,47	5,98	96,1	46,5	12,6	101,3	18,880	0,0	0,0	0,2	0	
1:92	0,0	0,0000000	0,0	0,1	2,45	5,37	96,1	46,5	12,6	101,3	18,880	0,0	0,0	0,2	0	
1:94	0,0	0,0000000	-0,1	0,1	2,43	5,71	96,1	46,5	12,6	101,3	18,880	0,0	0,0	0,3	0	
1:96	0,0	0,0000000	-0,1	0,1	2,44	6,26	96,1	46,5	12,6	101,3	18,880	0,0	0,0	0,6	0	
1:98	0,0	0,0000000	0,0	0,1	2,44	5,98	96,1	46,5	12,6	101,3	18,880	0,0	0,0	0,3	0	
2:00	0,0	0,0000000	-0,1	0,0	2,44	5,35	96,1	46,5	12,6	101,3	18,880	0,0	0,0	0,3	0	
2:02	0,0	0,0000000	-0,1	0,1	2,43	5,73	96,1	46,5	12,6	101,3	18,880	0,0	0,0	0,2	0	
2:04	0,0	0,0000000	0,0	0,1	2,43	6,30	96,1	46,5	12,6	101,3	18,880	0,0	0,0	0,3	0	
2:06	0,0	0,0000000	-0,1	0,1	2,43	5,95	96,1	46,5	12,6	101,3	18,880	0,0	0,0	0,2	0	
2:08	0,0	0,0000000	-0,1	0,1	2,43	5,35	97,1	46,5	12,6	102,0	18,880	0,0	0,0	0,2	0	
2:10	0,0	0,0000000	-0,1	0,0	2,42	5,75	97,1	46,5	12,6	102,0	18,880	0,0	0,0	0,1	0	
2:12	0,0	0,0000000	-0,1	0,1	2,41	6,30	97,1	46,5	12,6	102,0	18,880	0,0	0,0	0,2	0	
2:14	0,0	0,0000000	0,0	0,1	2,40	5,85	97,1	46,5	12,6	102,0	18,880	0,0	0,0	0,3	0	
2:16	0,0	0,0000000	-0,1	0,1	2,40	5,32	97,1	46,5	12,6	102,0	18,880	0,0	0,0	0,3	0	
2:18	0,0	0,0000000	0,0	0,1	2,41	5,74	97,1	46,5	12,6	102,0	18,880	0,0	0,0	0,3	0	
2:20	0,0	0,0000000	-0,1	0,1	2,44	6,28	97,1	46,5	12,6	102,0	18,880	0,0	0,0	0,2	0	
2:22	0,0	0,0000000	0,0	0,1	2,46	6,07	97,1	46,5	12,5	102,0	18,881	0,0	0,0	0,3	0	
2:24	0,0	0,0000000	0,0	0,1	2,48	5,56	97,1	46,5	12,6	102,0	18,881	0,0	0,0	0,3	0	
2:26	0,0	0,0000000	0,0	0,1	2,50	5,37	97,1	46,5	12,6	102,0	18,881	0,0	0,0	0,3	0	
2:28	0,0	0,0000000	0,0	0,1	2,53	5,72	96,9	46,6	12,6	101,3	18,881	0,0	0,0	0,2	0	
2:30	0,0	0,0000000	0,0	0,1	2,55	6,13	96,9	46,6	12,6	101,3	18,881	0,0	0,0	0,2	0	
2:32	0,0	0,0000000	-0,1	0,1	2,57	6,23	96,9	46,6	12,6	101,3	18,881	0,0	0,0	0,2	0	
2:34	0,0	0,0000000	0,0	0,1	2,58	5,96	96,9	46,6	12,6	101,3	18,881	0,0	0,0	0,3	0	
2:36	0,0	0,0000000	0,0	0,1	2,60	5,55	96,9	46,6	12,7	101,3	18,881	0,0	0,0	0,3	0	
2:38	0,0	0,0000000	-0,1	0,1	2,63	5,38	96,9	46,6	12,7	101,3	18,881	0,0	0,0	0,2	0	
2:40	0,0	0,0000000	-0,1	0,1	2,66	5,61	96,9	46,6	12,7	101,3	18,881	0,0	0,0	0,2	0	
2:42	0,0	0,0000000	0,0	0,1	2,69	5,94	96,9	46,6	12,6	101,3	18,881	0,0	0,0	0,2	0	
2:44	0,0	0,0000000	0,0	0,1	2,73	6,22	96,9	46,6	12,7	101,3	18,881	0,0	0,0	0,3	0	
2:46	0,0	0,0000000	0,0	0,0	2,76	6,18	96,9	46,6	12,7	101,3	18,881	0,0	0,0	0,3	0	
2:48	0,0	0,0000000	-0,1	0,1	2,79	5,93	97,0	46,5	12,6	101,3	18,881	0,0	0,0	0,3	0	
2:50	0,0	0,0000000	0,0	0,1	2,81	5,64	97,0	46,5	12,7	101,3	18,881	0,0	0,0	0,3	0	
2:52	0,0	0,0000000	0,0	0,1	2,82	5,42	97,0	46,5	12,7	101,3	18,881	0,0	0,0	0,3	0	
2:54	0,0	0,0000000	-0,1	0,1	2,84	5,44	97,0	46,5	12,7	101,3	18,881	0,0	0,0	0,3	0	
2:56	0,0	0,0000000	0,0	0,0	2,85	5,71	97,0	46,5	12,7	101,3	18,881	0,0	0,0	0,2	0	
2:58	0,0	0,0000000	-0,1	0,1	2,87	5,97	97,0	46,5	12,6	101,3	18,881	0,0	0,0	0,3	0	
2:60	0,0	0,0000000	0,0	0,1	2,88	6,19	97,0	46,5	12,7	101,3	18,881	0,0	0,0	0,2	0	
2:62	0,0	0,0000000	0,0	0,1	2,88	6,22	97,0	46,5	12,8	101,3	18,881	0,0	0,0	0,2	0	
2:64	0,0	0,0000000	0,0	0,0	2,90	6,09	97,0	46,5	12,8	101,3	18,881	0,0	0,0	0,4	0	
2:66	0,0	0,0000000	0,0	0,0	2,92	5,92	97,0	46,5	12,7	101,3	18,881	0,0	0,0	0,2	0	
2:68	0,0	0,0000000	-0,1	0,1	2,94	5,74	97,2	46,5	12,8	101,5	18,881	0,0	0,0	0,2	0	
2:70	0,0	0,0000000	-0,1	0,1	2,97	5,57	97,2	46,5	12,8	101,5	18,881	0,0	0,0	0,4	0	
2:72	0,0	0,0000000	-0,1	0,1	3,00	5,46	97,2	46,5	12,8	101,5	18,881	0,0	0,0	0,2	0	
2:74	0,0	0,0000000	-0,1	0,1	3,03	5,41	97,2	46,5	12,8	101,5	18,881	0,0	0,0	0,2	0	
2:76	0,0	0,0000000	0,0	0,1	3,04	5,47	97,2	46,5	12,8	101,5	18,881	0,0	0,0	0,4	0	
2:78	0,0	0,0000000	0,0	0,1	3,06	5,57	97,2	46,5	12,8	101,5	18,881	0,0	0,0	0,2	0	
2:80	0,0	0,0000000	0,0	0,1	3,07	5,69	97,2	46,5	12,8	101,5	18,881	0,0	0,0	0,5	0	
2:82	0,0	0,0000000	0,0	0,1	3,09	5,80	97,2	46,5	12,8	101,5	18,881	0,0	0,0	0,2	0	
2:84	0,0	0,0000000	0,0	0,1	3,10	5,95	97,2	46,5	12,7	101,5	18,881	0,0	0,0	0,3	0	
2:86	0,0	0,0000000	0,0	0,1	3,10	6,10	97,2	46,5	12,8	101,5	18,881	0,0	0,0	0,3	0	
2:88	0,0	0,0000000	0,0	0,1	3,09	6,16	97,0	46,4	12,8	101,3	18,881	0,0	0,0	0,2	0	
2:90	0,0	0,0000000	0,0	0,1	3,09	6,20	97,0	46,4	12,8	101,3	18,881	0,0	0,0	0,3	0	
2:92	0,0	0,0000000	-0,1	0,1	3,08	6,19	97,0	46,4	12,8	101,3	18,881	0,0	0,0	0,3	0	
2:94	0,0	0,0000000	0,0	0,1	3,07	6,09	97,0	46,4	12,8	101,3	18,881	0,0	0,0	0,2	0	
2:96	0,0	0,0000000	0,0	0,1	3,06	5,98	97,0	46,4	12,7	101,3	18,881	0,0	0,0	0,3	0	
2:98	0,0	0,0000000	0,0	0,1	3,06	5,83	97,0	46,4	12,8	101,3	18,881	0,0	0,0	0,3	0	
3:00	0,0	0,0000000	-0,1	0,1	3,05	5,64	97,0	46,4	12,8	101,3	18,881	0,0	0,0	0,4	0	
3:02	0,0	0,0000000	0,0	0,1	3,03	5,44	97,0	46,4	12,8	101,3	18,881	0,0	0,0	0,2	0	
3:04	0,0	0,0000000	-0,1	0,0	3,00	5,40	97,0	46,4	12,8	101,3	18,881	0,0	0,0	0,0	0	
3:06	0,0	0,0000000	0,0	0,1	2,96	5,61	97,0	46,4	12,8	101,3	18,881	0,0	0,0	0,3	0	
3:08	0,0	0,0000000	-0,1	0,1	2,93	5,87	97,5	46,4	12,7	102,2	18,881	0,0	0,0	0,2	0	
3:10	0,0	0,0000000	0,0	0,0	2,89	6,18	97,5	46,4	12,8	102,2	18,881	0,0	0,0	0,5	0	
3:12	0,0	0,0000000	0,0	0,1	2,86	6,25	97,5	46,4	12,8	102,2	18,881	0,0	0,0	0,3	0	
3:14	0,0	0,0000000	-0,1	0,1	2,83	6,02	97,5	46,4	12,8	102,2	18,881	0,0	0,0	0,3	0	
3:16	0,0	0,0000000	0,0	0,1	2,81	5,69	97,5	46,4	12,8	102,2	18,881	0,0	0,0	0,2	0	
3:18	0,0	0,0000000	0,0	0,0	2,80	5,43	97,5	46,4	12,8	102,2	18,881	0,0	0,0	0,1	0	
3:20	0,0	0,0000000	0,0	0,1	2,79	5,41	97,5	46,4	12,8	102,2	18,881	0,0	0,0	0,2	0	
3:22	0,0	0,0000000	0,0	0,0	2,79	5,69	97,5	46,4	12,7	102,2	18,881	0,0	0,0	0,2	0	
3:24	0,0	0,0000000	0,0	0,1	2,80	6,02	97,5	46,4	12,7	102,2	18,881	0,0	0,0	0,3	0	
3:26	0,0	0,0000000	0,0	0,1	2,80	6,26	97,5	46,4	12,7	102,2	18,881	0,0	0,0	0,2	0	
3:28	0,0	0,0000000	-0,1	0,1	2,80	6,19	97,0	46,5	12,7	101,5	18,881	0,0	0,0	0,2	0	
3:30	0,0	0,0000000	0,0	0,1	2,80	5,94	97,0	46,5	12,7	101,5	18,881	0,0	0,0	0,3	0	
3:32	0,0	0,0000000	0,0	0,1	2,80	5,60	97,0	46,5	12,7	101,5	18,881	0,0	0,0	0,2	0	
3:34	0,0	0,0000000	-0,1	0,1	2,82	5,38	97,0	46,5	12,8	101,5	18,881	0,0	0,0	0,2	0	
3:36	0,0	0,0000000	0,0	0,1	2,84	5,45	97,0	46,5	12,8	101,5	18,881	0,0	0,0	0,3	0	
3:38	0,0	0,0000000	0,1	0,1	2,85	5,74	97,0	46,5	12,7	101,5	18,881	0,0	0,0	0,2	0	
3:40	0,0	0,0000000	0,0	0,1	2,86	6,05	97,0	46,5	12,7	101,5	18,881	0,0	0,0	0,2	0	
3:42	0,0	0,0000000	0,0	0,1	2,86	6,26	97,0	46,5	12,8	101,5	18,881	0,0	0,0	0,1	0	
3:44	0,0	0,0000000	0,1	0,1	2,87	6,20	97,0	46,5	12,8	101,5	18,881	0,0	0,0	0,2	0	
3:46	0,0	0,0000000	0,0	0,1	2,88	5,95	97,0	46,5	12,7	101,5	18,881	0,0	0,0	0,3	0	
3:48	0,0	0,0000000	0,0	0,1	2,88	5,60	97,4	46,4	12,8	102,2	18,881	0,0	0,0	0,3	0	
3:50	0,0	0,0000000	0,0	0,1	2,87	5,38	97,4	46,4	12,8	102,2	18,881	0,0	0,0	0,3	0	
3:52	0,0	0,0000000	0,0	0,1	2,86	5,44	97,4	46,4	12,8	102,2	18,881	0,0	0,0	0,3	0	
3:54	0,0	0,0000000	-0,1	0,1	2,86	5,70	97,4	46,4	12,8	102,2	18,881	0,0	0,0	0,2	0	
3:56	0,0	0,0000000	0,0	0,1	2,87	5,93	97,4	46,4	12,7	102,2	18,881	0,0	0,0	0,2	0	
3:58	0,0	0,0000000	0,0	0,1	2,88	6,17	97,4	46,4	12,8	102,2	18,881	0,0	0,0	0,3	0	
3:60	0,0	0,0000000	0,0	0,1	2,90	6,25	97,4	46,4	12,8	102,2	18,881	0,0	0,0	0,3	0	
3:62	0,0	0,0000000	0,0	0,0	2,93	6,19	97,4	46,4	12,8	102,2	18,881	0,0	0,0	0,2	0	
3:64	0,0	0,0000000	-0,1	0,0	2,95	6,04	97,4	46,4	12,8	102,2	18,881	0,0	0,0	0,2	0	
3:66	0,0	0,0000000	-0,1	0,1	2,97	5,84	97,4	46,4	12,8	102,2	18,881	0,0	0,0	0,2	0	
3:68	0,0	0,0000000	0,0	0,1	2,98	5,66	97,1	46,4	12,9	100,7	18,881	0,0	0,0	0,3	0	
3:70	0,0	0,0000000	0,0	0,0	3,00	5,52	97,1	46,4	12,9	100,7	18,881	0,0	0,0	0,4	0	
3:72	0,0	0,0000000	0,0	0,1	3,02	5,43	97,1	46,4	12,9	100,7	18,881	0,0	0,0	0,4	0	
3:74	0,0	0,0000000	-0,1	0,1	3,02	5,39	97,1	46,4	12,9	100,7	18,881	0,0	0,0	0,2	0	
3:76	0,0	0,0000000	0,0	0,1	3,03	5,47	97,1	46,4	12,9	100,7	18,881	0,0	0,0	0,1	0	
3:78	0,0	0,0000000	-0,1	0,0	3,04	5,59	97,1	46,4	12,9	100,7	18,881	0,0	0,0	0,2	0	
3:80	0,0	0,0000000	0,0	0,0	3,06	5,68	97,1	46,4	12,9	100,7	18,881	0,0	0,0	0,4	0	
3:82	0,0	0,0000000	0,0	0,1	3,08	5,76	97,1	46,4	12,9	100,7	18,881	0,0	0,0	0,2	0	
3:84	0,0	0,0000000	-0,1	0,0	3,09	5,87	97,1	46,4	12,8	100,7	18,881	0,0	0,0	0,2	0	
3:86	0,0	0,0000000	0,0	0,0	3,10	5,98	97,1	46,4	12,8	100,7	18,881	0,0	0,0	0,2	0	
3:88	0,0	0,0000000	0,0	0,1	3,11	6,06	97,9	46,4	12,9	103,0	18,881	0,0	0,0	0,2	0	
3:90	0,0	0,0000000	0,0	0,0	3,12	6,10	97,9	46,4	12,9	103,0	18,881	0,0	0,0	0,2	0	
3:92	0,0	0,0000000	-0,1	0,0	3,12	6,15	97,9	46,4	12,9	103,0	18,881	0,0	0,0	0,2	0	
3:94	0,0	0,0000000	-0,1	0,0	3,13	6,18	97,9	46,4	12,9	103,0	18,881	0,0	0,0	0,3	0	
3:96	0,0	0,0000000	-0,1	0,1	3,14	6,19	97,9	46,4	12,9	103,0	18,881	0,0	0,0	0,3	0	
3:98	0,0	0,0000000	0,0	0,1	3,13	6,22	97,9	46,4	12,9	103,0	18,881	0,0	0,0	0,3	0	
4:00	0,0	0,0000000	-0,1	0,1	3,12	6,22	97,9	46,4	12,9	103,0	18,881	0,0	0,0	0,3	0	
4:02	0,0	0,0000000	0,0	0,1	3,11	6,19	97,9	46,4	12,9	103,0	18,881	0,0	0,0	0,3	0	
4:04	0,0	0,0000000	0,0	0,1	3,11	6,14	97,9	46,4	12,9	103,0	18,881	0,0	0,0	0,3	0	
4:06	0,0	0,0000000	0,0	0,1	3,10	6,09	97,9	46,4	12,9	103,0	18,881	0,0	0,0	0,3	0	
4:08	0,0	0,0000000	0,0	0,1	3,10	6,03	97,7	46,4	12,9	103,0	18,881	0,0	0,0	0,2	0	
4:10	0,0	0,0000000	0,0	0,0	3,09	5,97	97,7	46,4	12,9	103,0	18,881	0,0	0,0	0,5	0	
4:12	0,0	0,0000000	0,0	0,1	3,09	5,90	97,7	46,4	12,8	103,0	18,881	0,0	0,0	0,2	0	
4:14	0,0	0,0000000	0,0	0,1	3,08	5,80	97,7	46,4	12,9	103,0	18,881	0,0	0,0	0,2	0	
4:16	0,0	0,0000000	0,0	0,1	3,07	5,70	97,7	46,4	12,9	103,0	18,881	0,0	0,0	0,3	0	
4:18	0,0	0,0000000	-0,1	0,1	3,06	5,60	97,7	46,4	12,9	103,0	18,881	0,0	0,0	0,2	0	
4:20	0,0	0,0000000	0,0	0,1	3,06	5,54	97,7	46,4	12,9	103,0	18,881	0,0	0,0	0,1	0	
4:22	0,0	0,0000000	0,0	0,1	3,08	5,47	97,7	46,4	12,9	103,0	18,881	0,0	0,0	0,3	0	
4:24	0,0	0,0000000	0,0	0,1	3,08	5,40	97,7	46,4	12,9	103,0	18,881	0,0	0,0	0,1	0	
4:26	0,0	0,0000000	0,0	0,1	3,06	5,41	97,7	46,4	12,9	103,0	18,881	0,0	0,0	0,2	0	
4:28	0,0	0,0000000	0,0	0,1	3,05	5,51	97,5	46,4	12,9	101,5	18,881	0,0	0,0	0,1	0	
4:30	0,0	0,0000000	0,0	0,1	3,03	5,65	97,5	46,4	12,9	101,5	18,881	0,0	0,0	0,3	0	
4:32	0,0	0,0000000	0,0	0,1	3,03	5,79	97,5	46,4	12,8	101,5	18,881	0,0	0,0	0,2	0	
4:34	0,0	0,0000000	0,0	0,1	3,02	5,95	97,5	46,4	12,8	101,5	18,881	0,0	0,0	0,2	0	
4:36	0,0	0,0000000	0,0	0,1	3,02	6,14	97,5	46,4	12,8	101,5	18,881	0,0	0,0	0,3	0	
4:38	0,0	0,0000000	0,0	0,1	3,02	6,22	97,5	46,4	12,8	101,5	18,881	0,0	0,0	0,1	0	
4:40	0,0	0,0000000	0,0	0,0	3,02	6,25	97,5	46,4	12,9	101,5	18,881	0,0	0,0	0,2	0	
4:42	0,0	0,0000000	0,0	0,1	3,00	6,13	97,5	46,4	12,8	101,5	18,881	0,0	0,0	0,2	0	
4:44	0,0	0,0000000	0,0	0,1	2,98	5,93	97,5	46,4	12,8	101,5	18,881	0,0	0,0	0,1	0	
4:46	0,0	0,0000000	0,0	0,1	2,97	5,72	97,5	46,4	12,9	101,5	18,881	0,0	0,0	0,3	0	
4:48	0,0	0,0000000	-0,1	0,1	2,96	5,51	98,0	46,3	12,9	102,2	18,881	0,0	0,0	0,3	0	
4:50	0,0	0,0000000	0,0	0,0	2,96	5,39	98,0	46,3	12,9	102,2	18,881	0,0	0,0	0,3	0	
4:52	0,0	0,0000000	0,0	0,1	2,97	5,40	98,0	46,3	12,9	102,2	18,881	0,0	0,0	0,3	0	
4:54	0,0	0,0000000	-0,1	0,0	2,97	5,56	98,0	46,3	12,9	102,2	18,881	0,0	0,0	0,2	0	
4:56	0,0	0,0000000	0,0	0,1	2,97	5,74	98,0	46,3	12,9	102,2	18,881	0,0	0,0	0,3	0	
4:58	0,0	0,0000000	0,0	0,1	2,98	5,95	98,0	46,3	12,8	102,2	18,881	0,0	0,0	0,2	0	
4:60	0,0	0,0000000	0,0	0,1	2,97	6,14	98,0	46,3	12,9	102,2	18,881	0,0	0,0	0,4	0	
4:62	0,0	0,0000000	0,0	0,1	2,98	6,01	98,0	46,3	12,9	102,2	18,881	0,0	0,0	0,2	0	
4:64	0,0	0,0000000	0,0	0,1	2,98	5,86	98,0	46,3	12,9	102,2	18,881	0,0	0,0	0,2	0	
4:66	0,0	0,0000000	-0,1	0,0	2,98	6,11	98,0	46,3	12,9	102,2	18,881	0,0	0,0	0,2	0	
4:68	0,0	0,0000000	0,0	0,0	2,98	6,16	97,5	46,3	12,9	102,8	18,881	0,0	0,0	0,3	0	
4:70	0,0	0,0000000	0,0	0,1	2,98	5,89	97,5	46,3	12,9	102,8	18,881	0,0	0,0	0,2	0	
4:72	0,0	0,0000000	-0,1	0,1	2,99	5,69	97,5	46,3	12,9	102,8	18,882	0,0	0,0	0,4	0	
4:74	0,0	0,0000000	0,0	0,1	2,99	5,54	97,5	46,3	13,0	102,8	18,882	0,0	0,0	0,5	0	
4:76	0,0	0,0000000	0,0	0,1	2,99	5,43	97,5	46,3	13,0	102,8	18,882	0,0	0,0	0,2	0	
4:78	0,0	0,0000000	-0,1	0,1	3,00	5,37	97,5	46,3	13,0	102,8	18,882	0,0	0,0	0,3	0	
4:80	0,0	0,0000000	-0,1	0,1	2,99	5,42	97,5	46,3	13,0	102,8	18,882	0,0	0,0	0,3	0	
4:82	0,0	0,0000000	0,0	0,1	2,99	5,54	97,5	46,3	13,0	102,8	18,882	0,0	0,0	0,1	0	
4:84	0,0	0,0000000	0,0	0,0	2,99	5,76	97,5	46,3	12,9	102,8	18,882	0,0	0,0	0,5	0	
4:86	0,0	0,0000000	0,0	0,1	3,00	5,87	97,5	46,3	12,9	102,8	18,882	0,0	0,0	0,2	0	
4:88	0,0	0,0000000	-0,1	0,1	3,00	5,94	98,1	46,3	12,9	101,5	18,882	0,0	0,0	0,2	0	
4:90	0,0	0,0000000	0,0	0,1	3,01	6,19	98,1	46,3	13,0	101,5	18,882	0,0	0,0	0,3	0	
4:92	0,0	0,0000000	0,0	0,1	3,02	6,26	98,1	46,3	13,0	101,5	18,882	0,0	0,0	0,3	0	
4:94	0,0	0,0000000	0,0	0,1	3,01	6,26	98,1	46,3	13,0	101,5	18,882	0,0	0,0	0,3	0	
4:96	0,0	0,0000000	0,0	0,1	3,00	6,24	98,1	46,3	13,0	101,5	18,882	0,0	0,0	0,4	0	
4:98	0,0	0,0000000	0,0	0,1	2,99	6,14	98,1	46,3	13,0	101,5	18,882	0,0	0,0	0,3	0	
5:00	0,0	0,0000000	0,0	0,1	3,00	6,01	98,1	46,3	12,9	101,5	18,882	0,0	0,0	0,2	0	
5:02	0,0	0,0000000	0,0	0,1	2,99	5,91	98,1	46,3	12,9	101,5	18,882	0,0	0,0	0,1	0	
5:04	0,0	0,0000000	-0,1	0,1	2,97	5,79	98,1	46,3	13,0	101,5	18,882	0,0	0,0	0,3	0	
5:06	0,0	0,0000000	-0,1	0,1	2,96	5,43	98,1	46,3	13,0	101,5	18,882	0,0	0,0	0,4	0	
5:08	0,0	0,0000000	0,0	0,1	2,95	5,33	97,9	46,3	13,0	102,0	18,882	0,0	0,0	0,3	0	
5:10	0,0	0,0000000	0,0	0,1	2,92	5,45	97,9	46,3	13,0	102,0	18,882	0,0	0,0	0,3	0	
5:12	0,0	0,0000000	0,0	0,1	2,91	5,66	97,9	46,3	13,0	102,0	18,882	0,0	0,0	0,2	0	
5:14	0,0	0,0000000	0,0	0,1	2,89	5,90	97,9	46,3	12,9	102,0	18,882	0,0	0,0	0,3	0	
5:16	0,0	0,0000000	0,0	0,0	2,88	6,12	97,9	46,3	12,9	102,0	18,882	0,0	0,0	0,2	0	
5:18	0,0	0,0000000	0,0	0,0	2,89	6,26	97,9	46,3	13,0	102,0	18,882	0,0	0,0	0,3	0	
5:20	0,0	0,0000000	0,0	0,1	2,90	6,27	97,9	46,3	13,0	102,0	18,882	0,0	0,0	0,2	0	
5:22	0,0	0,0000000	-0,1	0,1	2,91	6,18	97,9	46,3	13,0	102,0	18,882	0,0	0,0	0,3	0	
5:24	0,0	0,0000000	-0,1	0,0	2,92	6,00	97,9	46,3	12,9	102,0	18,882	0,0	0,0	0,3	0	
5:26	0,0	0,0000000	-0,1	0,1	2,93	5,85	97,9	46,3	13,0	102,0	18,882	0,0	0,0	0,3	0	
5:28	0,0	0,0000000	0,0	0,1	2,92	5,73	97,9	46,3	12,9	101,3	18,882	0,0	0,0	0,2	0	
5:30	0,0	0,0000000	-0,1	0,1	2,92	5,35	97,9	46,3	13,0	101,3	18,882	0,0	0,0	0,3	0	
5:32	0,0	0,0000000	-0,1	0,1	2,92	5,34	97,9	46,3	13,0	101,3	18,882	0,0	0,0	0,3	0	
5:34	0,0	0,0000000	-0,1	0,1	2,93	5,49	97,9	46,3	13,0	101,3	18,882	0,0	0,0	0,2	0	
5:36	0,0	0,0000000	0,0	0,1	2,94	5,66	97,9	46,3	12,9	101,3	18,882	0,0	0,0	0,3	0	
5:38	0,0	0,0000000	0,0	0,1	2,96	5,85	97,9	46,3	12,9	101,3	18,882	0,0	0,0	0,2	0	
5:40	0,0	0,0000000	0,0	0,1	2,97	6,03	97,9	46,3	12,9	101,3	18,882	0,0	0,0	0,2	0	
5:42	0,0	0,0000000	0,0	0,1	2,98	6,18	97,9	46,3	12,9	101,3	18,882	0,0	0,0	0,3	0	
5:44	0,0	0,0000000	0,0	0,1	2,98	6,27	97,9	46,3	12,9	101,3	18,882	0,0	0,0	0,2	0	
5:46	0,0	0,0000000	0,0	0,1	2,97	5,93	97,9	46,3	12,9	101,3	18,882	0,0	0,0	0,1	0	
5:48	0,0	0,0000000	0,0	0,1	2,96	6,02	98,4	46,3	12,9	101,5	18,882	0,0	0,0	0,2	0	
5:50	0,0	0,0000000	0,0	0,1	2,96	6,18	98,4	46,3	12,9	101,5	18,882	0,0	0,0	0,2	0	
5:52	0,0	0,0000000	0,0	0,1	2,97	6,01	98,4	46,3	12,9	101,5	18,882	0,0	0,0	0,2	0	
5:54	0,0	0,0000000	0,0	0,1	2,98	5,81	98,4	46,3	12,9	101,5	18,882	0,0	0,0	0,3	0	
5:56	0,0	0,0000000	0,0	0,0	2,99	5,66	98,4	46,3	13,0	101,5	18,882	0,0	0,0	0,2	0	
5:58	0,0	0,0000000	0,0	0,0	3,00	5,56	98,4	46,3	13,0	101,5	18,882	0,0	0,0	0,2	0	
5:60	0,0	0,0000000	0,0	0,1	3,03	5,47	98,4	46,3	13,0	101,5	18,882	0,0	0,0	0,2	0	
5:62	0,0	0,0000000	-0,1	0,1	3,04	5,41	98,4	46,3	13,0	101,5	18,882	0,0	0,0	0,3	0	
5:64	0,0	0,0000000	-0,1	0,1	3,05	5,38	98,4	46,3	13,0	101,5	18,882	0,0	0,0	0,3	0	
5:66	0,0	0,0000000	0,0	0,1	3,05	5,38	98,4	46,3	13,0	101,5	18,882	0,0	0,0	0,3	0	
5:68	0,0	0,0000000	0,0	0,0	3,06	5,55	98,4	46,2	13,0	101,5	18,882	0,0	0,0	0,3	0	
5:70	0,0	0,0000000	0,0	0,1	3,07	5,56	98,4	46,2	13,0	101,5	18,882	0,0	0,0	0,3	0	
5:72	0,0	0,0000000	0,0	0,1	3,07	5,39	98,4	46,2	13,0	101,5	18,882	0,0	0,0	0,2	0	
5:74	0,0	0,0000000	0,0	0,0	3,08	5,50	98,4	46,2	13,0	101,5	18,882	0,0	0,0	0,2	0	
5:76	0,0	0,0000000	0,0	0,1	3,10	5,57	98,4	46,2	13,0	101,5	18,882	0,0	0,0	0,3	0	
5:78	0,0	0,0000000	0,0	0,0	3,12	5,58	98,4	46,2	13,0	101,5	18,882	0,0	0,0	0,3	0	
5:80	0,0	0,0000000	0,0	0,0	3,14	5,61	98,4	46,2	13,0	101,5	18,882	0,0	0,0	0,2	0	
5:82	0,0	0,0000000	0,0	0,1	3,14	5,64	98,4	46,2	13,0	101,5	18,882	0,0	0,0	0,3	0	
5:84	0,0	0,0000000	0,0	0,1	3,15	5,68	98,4	46,2	13,0	101,5	18,882	0,0	0,0	0,1	0	
5:86	0,0	0,0000000	0,1	0,1	3,14	5,74	98,4	46,2	13,0	101,5	18,882	0,0	0,0	0,3	0	
5:88	0,0	0,0000000	-0,1	0,1	3,12	5,78	98,2	46,3	13,0	100,7	18,882	0,0	0,0	0,3	0	
5:90	0,0	0,0000000	0,0	0,1	3,10	5,87	98,2	46,3	13,0	100,7	18,882	0,0	0,0	0,3	0	
5:92	0,0	0,0000000	0,0	0,1	3,09	5,88	98,2	46,3	13,0	100,7	18,882	0,0	0,0	0,2	0	
5:94	0,0	0,0000000	0,1	0,1	3,09	5,81	98,2	46,3	13,0	100,7	18,882	0,0	0,0	0,2	0	
5:96	0,0	0,0000000	0,0	0,1	3,08	6,01	98,2	46,3	13,0	100,7	18,882	0,0	0,0	0,1	0	
5:98	0,0	0,0000000	-0,1	0,1	3,08	6,07	98,2	46,3	13,0	100,7	18,882	0,0	0,0	0,3	0	
6:00	0,0	0,0000000	-0,1	0,1	3,08	6,09	98,2	46,3	13,0	100,7	18,882	0,0	0,0	0,3	0	
6:02	0,0	0,0000000	0,0	0,1	3,08	6,16	98,2	46,3	13,0	100,7	18,882	0,0	0,0	0,3	0	
6:04	0,0	0,0000000	0,0	0,1	3,10	6,22	98,2	46,3	13,1	100,7	18,882	0,0	0,0	0,3	0	
6:06	0,0	0,0000000	0,0	0,1	3,10	6,25	98,2	46,3	13,1	100,7	18,882	0,0	0,0	0,4	0	
6:08	0,0	0,0000000	0,0	0,0	3,09	6,26	98,2	46,3	13,1	101,3	18,882	0,0	0,0	0,1	0	
6:10	0,0	0,0000000	-0,1	0,1	3,08	6,27	98,2	46,3	13,1	101,3	18,882	0,0	0,0	0,3	0	
6:12	0,0	0,0000000	-0,1	0,1	3,07	6,25	98,2	46,3	13,1	101,3	18,882	0,0	0,0	0,2	0	
6:14	0,0	0,0000000	0,0	0,1	3,06	6,20	98,2	46,3	13,0	101,3	18,882	0,0	0,0	0,3	0	
6:16	0,0	0,0000000	0,0	0,1	3,05	6,10	98,2	46,3	13,0	101,3	18,882	0,0	0,0	0,4	0	
6:18	0,0	0,0000000	-0,1	0,1	3,04	5,98	98,2	46,3	13,0	101,3	18,882	0,0	0,0	0,2	0	
6:20	0,0	0,0000000	0,0	0,1	3,02	5,91	98,2	46,3	13,0	101,3	18,882	0,0	0,0	0,2	0	
6:22	0,0	0,0000000	0,0	0,1	3,02	5,84	98,2	46,3	13,1	101,3	18,882	0,0	0,0	0,3	0	
6:24	0,0	0,0000000	0,0	0,1	3,01	5,64	98,2	46,3	13,1	101,3	18,882	0,0	0,0	0,2	0	
6:26	0,0	0,0000000	0,0	0,1	3,02	5,50	98,2	46,3	13,1	101,3	18,882	0,0	0,0	0,3	0	
6:28	0,0	0,0000000	0,0	0,1	3,03	5,44	97,7	46,3	13,1	99,8	18,882	0,0	0,0	0,5	0	
6:30	0,0	0,0000000	0,0	0,1	3,03	5,39	97,7	46,3	13,0	99,8	18,882	0,0	0,0	0,2	0	
6:32	0,0	0,0000000	0,0	0,1	3,03	5,37	97,7	46,3	13,0	99,8	18,882	0,0	0,0	0,3	0	
6:34	0,0	0,0000000	0,0	0,1	3,04	5,37	97,7	46,3	13,0	99,8	18,882	0,0	0,0	0,3	0	
6:36	0,0	0,0000000	-0,1	0,1	3,04	5,42	97,7	46,3	13,0	99,8	18,882	0,0	0,0	0,2	0	
6:38	0,0	0,0000000	-0,1	0,1	3,03	5,51	97,7	46,3	13,0	99,8	18,882	0,0	0,0	0,2	0	
6:40	0,0	0,0000000	0,0	0,1	3,03	5,63	97,7	46,3	13,0	99,8	18,882	0,0	0,0	0,1	0	
6:42	0,0	0,0000000	0,0	0,1	3,04	5,80	97,7	46,3	13,0	99,8	18,882	0,0	0,0	0,3	0	
6:44	0,0	0,0000000	0,0	0,1	3,04	5,80	97,7	46,3	13,0	99,8	18,882	0,0	0,0	0,3	0	
6:46	0,0	0,0000000	0,0	0,1	3,04	5,81	97,7	46,3	12,9	99,8	18,882	0,0	0,0	0,3	0	
6:48	0,0	0,0000000	0,0	0,1	3,04	6,04	98,8	46,2	13,0	101,5	18,882	0,0	0,0	0,2	0	
6:50	0,0	0,0000000	0,0	0,1	3,04	6,12	98,8	46,2	13,0	101,5	18,882	0,0	0,0	0,2	0	
6:52	0,0	0,0000000	0,0	0,1	3,05	6,18	98,8	46,2	13,0	101,5	18,882	0,0	0,0	0,2	0	
6:54	0,0	0,0000000	0,0	0,0	3,06	6,25	98,8	46,2	13,0	101,5	18,882	0,0	0,0	0,2	0	
6:56	0,0	0,0000000	0,0	0,1	3,06	6,28	98,8	46,2	13,0	101,5	18,882	0,0	0,0	0,2	0	
6:58	0,0	0,0000000	-0,1	0,1	3,05	6,28	98,8	46,2	13,0	101,5	18,882	0,0	0,0	0,4	0	
6:60	0,0	0,0000000	0,0	0,1	3,03	6,22	98,8	46,2	13,0	101,5	18,882	0,0	0,0	0,3	0	
6:62	0,0	0,0000000	-0,1	0,1	3,01	6,09	98,8	46,2	13,0	101,5	18,882	0,0	0,0	0,4	0	
6:64	0,0	0,0000000	0,0	0,1	2,99	5,95	98,8	46,2	12,9	101,5	18,882	0,0	0,0	0,3	0	
6:66	0,0	0,0000000	0,0	0,1	2,97	5,80	98,8	46,2	13,0	101,5	18,882	0,0	0,0	0,3	0	
6:68	0,0	0,0000000	-0,1	0,0	2,97	5,67	98,1	46,2	13,0	99,8	18,882	0,0	0,0	0,3	0	
6:70	0,0	0,0000000	-0,1	0,1	2,98	5,55	98,1	46,2	13,1	99,8	18,882	0,0	0,0	0,2	0	
6:72	0,0	0,0000000	0,0	0,1	2,99	5,64	98,1	46,2	13,1	99,8	18,882	0,0	0,0	0,3	0	
6:74	0,0	0,0000000	0,0	0,1	3,00	5,52	98,1	46,2	13,1	99,8	18,882	0,0	0,0	0,3	0	
6:76	0,0	0,0000000	0,0	0,0	3,01	5,30	98,1	46,2	13,1	99,8	18,882	0,0	0,0	0,2	0	
6:78	0,0	0,0000000	0,0	0,1	3,02	5,35	98,1	46,2	13,1	99,8	18,882	0,0	0,0	0,2	0	
6:80	0,0	0,0000000	0,0	0,1	3,02	5,42	98,1	46,2	13,1	99,8	18,882	0,0	0,0	0,3	0	
6:82	0,0	0,0000000	0,0	0,1	3,03	5,52	98,1	46,2	13,1	99,8	18,882	0,0	0,0	0,3	0	
6:84	0,0	0,0000000	0,0	0,1	3,04	5,60	98,1	46,2	13,1	99,8	18,882	0,0	0,0	0,2	0	
6:86	0,0	0,0000000	0,0	0,1	3,05	5,70	98,1	46,2	13,1	99,8	18,882	0,0	0,0	0,4	0	
6:88	0,0	0,0000000	-0,1	0,1	3,05	5,78	97,8	46,2	13,1	98,2	18,882	0,0	0,0	0,2	0	
6:90	0,0	0,0000000	-0,1	0,0	3,05	5,86	97,8	46,2	13,0	98,2	18,882	0,0	0,0	0,2	0	
6:92	0,0	0,0000000	0,0	0,1	3,05	5,93	97,8	46,2	13,0	98,2	18,882	0,0	0,0	0,2	0	
6:94	0,0	0,0000000	0,0	0,1	3,05	6,01	97,8	46,2	13,1	98,2	18,882	0,0	0,0	0,2	0	
6:96	0,0	0,0000000	-0,1	0,1	3,04	5,93	97,8	46,2	13,1	98,2	18,882	0,0	0,0	0,2	0	
6:98	0,0	0,0000000	0,0	0,0	3,05	5,84	97,8	46,2	13,1	98,2	18,882	0,0	0,0	0,3	0	
7:00	0,0	0,0000000	-0,1	0,0	3,07	6,14	97,8	46,2	13,1	98,2	18,882	0,0	0,0	0,2	0	
7:02	0,0	0,0000000	-0,1	0,1	3,08	6,31	97,8	46,2	13,1	98,2	18,882	0,0	0,0	0,2	0	
7:04	0,0	0,0000000	-0,1	0,1	3,07	6,27	97,8	46,2	13,1	98,2	18,882	0,0	0,0	0,2	0	
7:06	0,0	0,0000000	0,0	0,1	3,06	6,28	97,8	46,2	13,1	98,2	18,882	0,0	0,0	0,2	0	
7:08	0,0	0,0000000	0,0	0,1	3,05	6,28	98,6	46,2	13,1	99,4	18,882	0,0	0,0	0,2	0	
7:10	0,0	0,0000000	-0,1	0,1	3,04	6,24	98,6	46,2	13,1	99,4	18,882	0,0	0,0	0,3	0	
7:12	0,0	0,0000000	-0,1	0,1	3,03	6,18	98,6	46,2	13,1	99,4	18,883	0,0	0,0	0,2	0	
7:14	0,0	0,0000000	0,0	0,1	3,02	6,08	98,6	46,2	13,1	99,4	18,883	0,0	0,0	0,2	0	
7:16	0,0	0,0000000	0,0	0,1	3,01	5,96	98,6	46,2	13,1	99,4	18,883	0,0	0,0	0,2	0	
7:18	0,0	0,0000000	0,0	0,1	3,00	5,84	98,6	46,2	13,0	99,4	18,883	0,0	0,0	0,3	0	
7:20	0,0	0,0000000	0,0	0,0	2,99	5,69	98,6	46,2	13,1	99,4	18,883	0,0	0,0	0,2	0	
7:22	0,0	0,0000000	-0,1	0,0	2,98	5,56	98,6	46,2	13,1	99,4	18,883	0,0	0,0	0,3	0	
7:24	0,0	0,0000000	0,0	0,1	2,98	5,47	98,6	46,2	13,1	99,4	18,883	0,0	0,0	0,3	0	
7:26	0,0	0,0000000	0,0	0,1	3,00	5,58	98,6	46,2	13,1	99,4	18,883	0,0	0,0	0,2	0	
7:28	0,0	0,0000000	-0,1	0,1	3,01	5,46	98,3	46,2	13,1	99,9	18,883	0,0	0,0	0,3	0	
7:30	0,0	0,0000000	-0,1	0,1	3,00	5,29	98,3	46,2	13,1	99,9	18,883	0,0	0,0	0,3	0	
7:32	0,0	0,0000000	0,0	0,1	2,99	5,43	98,3	46,2	13,1	99,9	18,883	0,0	0,0	0,2	0	
7:34	0,0	0,0000000	0,0	0,1	2,98	5,57	98,3	46,2	13,1	99,9	18,883	0,0	0,0	0,2	0	
7:36	0,0	0,0000000	0,0	0,0	2,98	5,70	98,3	46,2	13,1	99,9	18,883	0,0	0,0	0,5	0	
7:38	0,0	0,0000000	0,0	0,1	2,99	5,79	98,3	46,2	13,0	99,9	18,883	0,0	0,0	0,2	0	
7:40	0,0	0,0000000	0,0	0,1	2,99	5,91	98,3	46,2	13,0	99,9	18,883	0,0	0,0	0,3	0	
7:42	0,0	0,0000000	0,0	0,1	2,99	6,04	98,3	46,2	13,0	99,9	18,883	0,0	0,0	0,2	0	
7:44	0,0	0,0000000	0,0	0,1	2,99	6,17	98,3	46,2	13,0	99,9	18,883	0,0	0,0	0,2	0	
7:46	0,0	0,0000000	0,0	0,1	2,99	6,25	98,3	46,2	13,1	99,9	18,883	0,0	0,0	0,3	0	
7:48	0,0	0,0000000	0,0	0,1	3,00	6,29	98,2	46,2	13,1	98,8	18,883	0,0	0,0	0,1	0	
7:50	0,0	0,0000000	-0,1	0,1	3,00	5,92	98,2	46,2	13,1	98,8	18,883	0,0	0,0	0,3	0	
7:52	0,0	0,0000000	-0,1	0,1	3,00	6,01	98,2	46,2	13,1	98,8	18,883	0,0	0,0	0,3	0	
7:54	0,0	0,0000000	-0,1	0,0	2,99	6,26	98,2	46,2	13,1	98,8	18,883	0,0	0,0	0,3	0	
7:56	0,0	0,0000000	0,0	0,1	3,00	6,15	98,2	46,2	13,0	98,8	18,883	0,0	0,0	0,2	0	
7:58	0,0	0,0000000	-0,1	0,0	3,01	5,98	98,2	46,2	13,0	98,8	18,883	0,0	0,0	0,3	0	
7:60	0,0	0,0000000	0,0	0,1	3,01	5,87	98,2	46,2	13,0	98,8	18,883	0,0	0,0	0,2	0	
7:62	0,0	0,0000000	0,0	0,1	3,01	5,76	98,2	46,2	13,1	98,8	18,883	0,0	0,0	0,2	0	
7:64	0,0	0,0000000	0,0	0,1	3,00	5,61	98,2	46,2	13,1	98,8	18,883	0,0	0,0	0,1	0	
7:66	0,0	0,0000000	0,0	0,1	3,01	5,48	98,2	46,2	13,1	98,8	18,883	0,0	0,0	0,3	0	
7:68	0,0	0,0000000	0,0	0,1	3,01	5,39	98,5	46,2	13,1	98,2	18,883	0,0	0,0	0,2	0	
7:70	0,0	0,0000000	0,0	0,1	3,00	5,35	98,5	46,2	13,1	98,2	18,883	0,0	0,0	0,2	0	
7:72	0,0	0,0000000	-0,1	0,1	2,99	5,35	98,5	46,2	13,1	98,2	18,883	0,0	0,0	0,2	0	
7:74	0,0	0,0000000	0,0	0,0	3,00	5,38	98,5	46,2	13,2	98,2	18,883	0,0	0,0	0,3	0	
7:76	0,0	0,0000000	-0,1	0,1	3,00	5,45	98,5	46,2	13,1	98,2	18,883	0,0	0,0	0,3	0	
7:78	0,0	0,0000000	0,0	0,1	3,01	5,56	98,5	46,2	13,1	98,2	18,883	0,0	0,0	0,2	0	
7:80	0,0	0,0000000	0,0	0,1	3,02	5,71	98,5	46,2	13,1	98,2	18,883	0,0	0,0	0,4	0	
7:82	0,0	0,0000000	-0,1	0,1	3,02	5,73	98,5	46,2	13,1	98,2	18,883	0,0	0,0	0,3	0	
7:84	0,0	0,0000000	0,0	0,1	3,02	5,75	98,5	46,2	13,1	98,2	18,883	0,0	0,0	0,2	0	
7:86	0,0	0,0000000	0,0	0,1	3,02	5,95	98,5	46,2	13,1	98,2	18,883	0,0	0,0	0,3	0	
7:88	0,0	0,0000000	-0,1	0,1	3,02	6,07	98,1	46,2	13,1	97,6	18,883	0,0	0,0	0,4	0	
7:90	0,0	0,0000000	0,0	0,1	3,03	6,13	98,1	46,2	13,1	97,6	18,883	0,0	0,0	0,2	0	
7:92	0,0	0,0000000	-0,1	0,0	3,04	6,19	98,1	46,2	13,1	97,6	18,883	0,0	0,0	0,2	0	
7:94	0,0	0,0000000	0,0	0,1	3,06	6,24	98,1	46,2	13,2	97,6	18,883	0,0	0,0	0,3	0	
7:96	0,0	0,0000000	0,0	0,1	3,06	6,27	98,1	46,2	13,2	97,6	18,883	0,0	0,0	0,2	0	
7:98	0,0	0,0000000	0,0	0,1	3,06	6,29	98,1	46,2	13,2	97,6	18,883	0,0	0,0	0,2	0	
8:00	0,0	0,0000000	0,0	0,1	3,05	6,28	98,1	46,2	13,2	97,6	18,883	0,0	0,0	0,3	0	
8:02	0,0	0,0000000	0,0	0,1	3,04	5,93	98,1	46,2	13,2	97,6	18,883	0,0	0,0	0,1	0	
8:04	0,0	0,0000000	0,0	0,1	3,04	5,95	98,1	46,2	13,2	97,6	18,883	0,0	0,0	0,2	0	
8:06	0,0	0,0000000	0,0	0,1	3,05	6,32	98,1	46,2	13,2	97,6	18,883	0,0	0,0	0,2	0	
8:08	0,0	0,0000000	-0,1	0,1	3,06	6,27	98,8	46,1	13,2	97,7	18,883	0,0	0,0	0,2	0	
8:10	0,0	0,0000000	-0,1	0,1	3,06	6,17	98,8	46,1	13,2	97,7	18,883	0,0	0,0	0,3	0	
8:12	0,0	0,0000000	0,0	0,1	3,07	6,15	98,8	46,1	13,2	97,7	18,883	0,0	0,0	0,3	0	
8:14	0,0	0,0000000	0,0	0,1	3,07	6,12	98,8	46,1	13,2	97,7	18,883	0,0	0,0	0,2	0	
8:16	0,0	0,0000000	0,0	0,1	3,08	6,06	98,8	46,1	13,1	97,7	18,883	0,0	0,0	0,2	0	
8:18	0,0	0,0000000	0,0	0,1	3,07	6,00	98,8	46,1	13,1	97,7	18,883	0,0	0,0	0,2	0	
8:20	0,0	0,0000000	0,0	0,1	3,06	5,91	98,8	46,1	13,1	97,7	18,883	0,0	0,0	0,3	0	
8:22	0,0	0,0000000	0,0	0,1	3,05	5,85	98,8	46,1	13,1	97,7	18,883	0,0	0,0	0,2	0	
8:24	0,0	0,0000000	0,0	0,1	3,03	5,79	98,8	46,1	13,1	97,7	18,883	0,0	0,0	0,3	0	
8:26	0,0	0,0000000	-0,1	0,1	3,02	5,72	98,8	46,1	13,2	97,7	18,883	0,0	0,0	0,2	0	
8:28	0,0	0,0000000	0,0	0,1	3,02	5,76	98,0	46,1	13,2	97,2	18,883	0,0	0,0	0,2	0	
8:30	0,0	0,0000000	0,0	0,1	3,02	5,76	98,0	46,1	13,2	97,2	18,883	0,0	0,0	0,1	0	
8:32	0,0	0,0000000	0,0	0,1	3,03	5,51	98,0	46,1	13,2	97,2	18,883	0,0	0,0	0,2	0	
8:34	0,0	0,0000000	0,0	0,0	3,05	5,41	98,0	46,1	13,1	97,2	18,883	0,0	0,0	0,3	0	
8:36	0,0	0,0000000	0,0	0,1	3,05	5,39	98,0	46,1	13,1	97,2	18,883	0,0	0,0	0,3	0	
8:38	0,0	0,0000000	0,0	0,0	3,05	5,36	98,0	46,1	13,1	97,2	18,883	0,0	0,0	0,1	0	
8:40	0,0	0,0000000	0,0	0,1	3,04	5,35	98,0	46,1	13,1	97,2	18,883	0,0	0,0	0,3	0	
8:42	0,0	0,0000000	0,0	0,1	3,03	5,38	98,0	46,1	13,1	97,2	18,883	0,0	0,0	0,2	0	
8:44	0,0	0,0000000	0,0	0,1	3,03	5,40	98,0	46,1	13,1	97,2	18,883	0,0	0,0	0,2	0	
8:46	0,0	0,0000000	0,0	0,1	3,03	5,48	98,0	46,1	13,1	97,2	18,883	0,0	0,0	0,2	0	
8:48	0,0	0,0000000	0,0	0,1	3,03	5,58	98,9	46,1	13,1	97,7	18,883	0,0	0,0	0,3	0	
8:50	0,0	0,0000000	-0,1	0,1	3,04	5,67	98,9	46,1	13,1	97,7	18,883	0,0	0,0	0,4	0	
8:52	0,0	0,0000000	0,0	0,1	3,03	5,77	98,9	46,1	13,1	97,7	18,883	0,0	0,0	0,2	0	
8:54	0,0	0,0000000	0,0	0,1	3,02	5,87	98,9	46,1	13,1	97,7	18,883	0,0	0,0	0,3	0	
8:56	0,0	0,0000000	-0,1	0,1	3,02	6,00	98,9	46,1	13,1	97,7	18,883	0,0	0,0	0,3	0	
8:58	0,0	0,0000000	0,0	0,1	3,01	5,89	98,9	46,1	13,1	97,7	18,883	0,0	0,0	0,2	0	
8:60	0,0	0,0000000	-0,1	0,0	3,02	5,97	98,9	46,1	13,1	97,7	18,883	0,0	0,0	0,3	0	
8:62	0,0	0,0000000	-0,1	0,1	3,02	6,20	98,9	46,1	13,1	97,7	18,883	0,0	0,0	0,3	0	
8:64	0,0	0,0000000	0,0	0,0	3,04	6,22	98,9	46,1	13,1	97,7	18,883	0,0	0,0	0,2	0	
8:66	0,0	0,0000000	-0,1	0,1	3,06	6,25	98,9	46,1	13,1	97,7	18,883	0,0	0,0	0,2	0	
8:68	0,0	0,0000000	-0,1	0,1	3,07	6,28	98,9	46,1	13,1	97,2	18,883	0,0	0,0	0,3	0	
8:70	0,0	0,0000000	0,0	0,1	3,06	6,29	98,9	46,1	13,1	97,2	18,883	0,0	0,0	0,2	0	
8:72	0,0	0,0000000	-0,1	0,1	3,05	6,30	98,9	46,1	13,1	97,2	18,883	0,0	0,0	0,2	0	
8:74	0,0	0,0000000	0,0	0,0	3,05	6,26	98,9	46,1	13,1	97,2	18,883	0,0	0,0	0,2	0	
8:76	0,0	0,0000000	0,0	0,1	3,05	6,25	98,9	46,1	13,2	97,2	18,883	0,0	0,0	0,3	0	
8:78	0,0	0,0000000	-0,1	0,1	3,04	6,18	98,9	46,1	13,2	97,2	18,883	0,0	0,0	0,1	0	
8:80	0,0	0,0000000	0,0	0,1	3,03	6,12	98,9	46,1	13,2	97,2	18,883	0,0	0,0	0,2	0	
8:82	0,0	0,0000000	0,0	0,1	3,03	6,10	98,9	46,1	13,2	97,2	18,883	0,0	0,0	0,2	0	
8:84	0,0	0,0000000	0,0	0,1	3,03	6,10	98,9	46,1	13,1	97,2	18,883	0,0	0,0	0,2	0	
8:86	0,0	0,0000000	0,0	0,1	3,02	5,95	98,9	46,1	13,1	97,2	18,883	0,0	0,0	0,2	0	
8:88	0,0	0,0000000	0,0	0,1	3,02	5,78	98,8	46,1	13,2	95,7	18,883	0,0	0,0	0,3	0	
8:90	0,0	0,0000000	-0,1	0,1	3,02	5,71	98,8	46,1	13,2	95,7	18,883	0,0	0,0	0,2	0	
8:92	0,0	0,0000000	0,0	0,1	3,02	5,64	98,8	46,1	13,2	95,7	18,883	0,0	0,0	0,2	0	
8:94	0,0	0,0000000	-0,1	0,1	3,02	5,56	98,8	46,1	13,2	95,7	18,883	0,0	0,0	0,2	0	
8:96	0,0	0,0000000	0,0	0,1	3,04	5,48	98,8	46,1	13,2	95,7	18,883	0,0	0,0	0,2	0	
8:98	0,0	0,0000000	0,0	0,1	3,05	5,41	98,8	46,1	13,2	95,7	18,883	0,0	0,0	0,3	0	
9:00	0,0	0,0000000	0,0	0,1	3,06	5,40	98,8	46,1	13,2	95,7	18,883	0,0	0,0	0,4	0	
9:02	0,0	0,0000000	0,0	0,1	3,05	5,37	98,8	46,1	13,2	95,7	18,883	0,0	0,0	0,2	0	
9:04	0,0	0,0000000	-0,1	0,1	3,04	5,37	98,8	46,1	13,2	95,7	18,883	0,0	0,0	0,1	0	
9:06	0,0	0,0000000	0,0	0,1	3,04	5,36	98,8	46,1	13,2	95,7	18,883	0,0	0,0	0,2	0	
9:08	0,0	0,0000000	0,0	0,1	3,04	5,50	98,7	46,0	13,2	95,8	18,883	0,0	0,0	0,2	0	
9:10	0,0	0,0000000	-0,1	0,1	3,04	5,50	98,7	46,0	13,2	95,8	18,883	0,0	0,0	0,4	0	
9:12	0,0	0,0000000	0,0	0,1	3,04	5,34	98,7	46,0	13,2	95,8	18,883	0,0	0,0	0,3	0	
9:14	0,0	0,0000000	0,0	0,1	3,05	5,45	98,7	46,0	13,2	95,8	18,883	0,0	0,0	0,2	0	
9:16	0,0	0,0000000	0,0	0,1	3,05	5,51	98,7	46,0	13,2	95,8	18,883	0,0	0,0	0,2	0	
9:18	0,0	0,0000000	-0,1	0,1	3,07	5,56	98,7	46,0	13,2	95,8	18,883	0,0	0,0	0,3	0	
9:20	0,0	0,0000000	0,0	0,1	3,08	5,62	98,7	46,0	13,2	95,8	18,883	0,0	0,0	0,2	0	
9:22	0,0	0,0000000	-0,1	0,1	3,08	5,70	98,7	46,0	13,2	95,8	18,883	0,0	0,0	0,3	0	
9:24	0,0	0,0000000	0,0	0,1	3,07	5,75	98,7	46,0	13,2	95,8	18,883	0,0	0,0	0,5	0	
9:26	0,0	0,0000000	0,0	0,1	3,06	5,82	98,7	46,0	13,2	95,8	18,883	0,0	0,0	0,2	0	
9:28	0,0	0,0000000	0,0	0,1	3,04	5,91	99,1	46,0	13,1	94,5	18,883	0,0	0,0	0,2	0	
9:30	0,0	0,0000000	0,0	0,1	3,03	5,97	99,1	46,0	13,2	94,5	18,883	0,0	0,0	0,2	0	
9:32	0,0	0,0000000	0,0	0,1	3,03	6,05	99,1	46,0	13,2	94,5	18,883	0,0	0,0	0,2	0	
9:34	0,0	0,0000000	-0,1	0,1	3,04	6,00	99,1	46,0	13,2	94,5	18,883	0,0	0,0	0,2	0	
9:36	0,0	0,0000000	0,0	0,1	3,05	5,92	99,1	46,0	13,2	94,5	18,883	0,0	0,0	0,2	0	
9:38	0,0	0,0000000	0,0	0,1	3,06	6,20	99,1	46,0	13,2	94,5	18,883	0,0	0,0	0,3	0	
9:40	0,0	0,0000000	0,0	0,1	3,06	6,33	99,1	46,0	13,1	94,5	18,883	0,0	0,0	0,2	0	
9:42	0,0	0,0000000	-0,1	0,1	3,05	6,29	99,1	46,0	13,2	94,5	18,883	0,0	0,0	0,4	0	
9:44	0,0	0,0000000	0,0	0,1	3,04	6,28	99,1	46,0	13,2	94,5	18,883	0,0	0,0	0,2	0	
9:46	0,0	0,0000000	0,0	0,1	3,02	6,27	99,1	46,0	13,1	94,5	18,883	0,0	0,0	0,2	0	
9:48	0,0	0,0000000	0,0	0,1	3,02	6,24	98,9	46,0	13,1	93,3	18,883	0,0	0,0	0,3	0	
9:50	0,0	0,0000000	0,0	0,1	3,02	6,21	98,9	46,0	13,1	93,3	18,883	0,0	0,0	0,2	0	
9:52	0,0	0,0000000	0,0	0,1	3,02	6,17	98,9	46,0	13,1	93,3	18,883	0,0	0,0	0,2	0	
9:54	0,0	0,0000000	0,0	0,1	3,04	6,13	98,9	46,0	13,1	93,3	18,883	0,0	0,0	0,4	0	
9:56	0,0	0,0000000	0,0	0,0	3,06	6,08	98,9	46,0	13,1	93,3	18,883	0,0	0,0	0,2	0	
9:58	0,0	0,0000000	0,0	0,1	3,08	6,08	98,9	46,0	13,1	93,3	18,883	0,0	0,0	0,2	0	
9:60	0,0	0,0000000	0,1	0,1	3,07	6,10	98,9	46,0	13,1	93,3	18,883	0,0	0,0	0,2	0	
9:62	0,0	0,0000000	0,0	0,1	3,06	5,91	98,9	46,0	13,1	93,3	18,884	0,0	0,0	0,3	0	
9:64	0,0	0,0000000	-0,1	0,1	3,05	5,79	98,9	46,0	13,1	93,3	18,884	0,0	0,0	0,1	0	
9:66	0,0	0,0000000	0,0	0,1	3,04	5,73	98,9	46,0	13,2	93,3	18,884	0,0	0,0	0,3	0	
9:68	0,0	0,0000000	0,0	0,1	3,03	5,70	99,1	46,0	13,2	93,9	18,884	0,0	0,0	0,3	0	
9:70	0,0	0,0000000	-0,1	0,1	3,03	5,62	99,1	46,0	13,2	93,9	18,884	0,0	0,0	0,2	0	
9:72	0,0	0,0000000	0,0	0,1	3,04	5,55	99,1	46,0	13,2	93,9	18,884	0,0	0,0	0,2	0	
9:74	0,0	0,0000000	-0,1	0,1	3,05	5,47	99,1	46,0	13,2	93,9	18,884	0,0	0,0	0,4	0	
9:76	0,0	0,0000000	0,0	0,1	3,05	5,40	99,1	46,0	13,2	93,9	18,884	0,0	0,0	0,4	0	
9:78	0,0	0,0000000	0,0	0,1	3,04	5,36	99,1	46,0	13,2	93,9	18,884	0,0	0,0	0,3	0	
9:80	0,0	0,0000000	-0,1	0,1	3,03	5,36	99,1	46,0	13,2	93,9	18,884	0,0	0,0	0,4	0	
9:82	0,0	0,0000000	0,0	0,1	3,02	5,36	99,1	46,0	13,2	93,9	18,884	0,0	0,0	0,3	0	
9:84	0,0	0,0000000	0,0	0,1	3,01	5,37	99,1	46,0	13,2	93,9	18,884	0,0	0,0	0,2	0	
9:86	0,0	0,0000000	-0,1	0,1	3,01	5,60	99,1	46,0	13,2	93,9	18,884	0,0	0,0	0,2	0	
9:88	0,0	0,0000000	0,0	0,0	3,02	5,59	99,3	46,0	13,2	92,1	18,884	0,0	0,0	0,2	0	
9:90	0,0	0,0000000	0,0	0,1	3,03	5,42	99,3	46,0	13,3	92,1	18,884	0,0	0,0	0,2	0	
9:92	0,0	0,0000000	0,0	0,1	3,05	5,56	99,3	46,0	13,3	92,1	18,884	0,0	0,0	0,1	0	
9:94	0,0	0,0000000	0,0	0,0	3,07	5,65	99,3	46,0	13,3	92,1	18,884	0,0	0,0	0,1	0	
9:96	0,0	0,0000000	0,0	0,1	3,07	5,70	99,3	46,0	13,2	92,1	18,884	0,0	0,0	0,2	0	
9:98	0,0	0,0000000	-0,1	0,1	3,05	5,75	99,3	46,0	13,2	92,1	18,884	0,0	0,0	0,3	0	
10:00	0,0	0,0000000	-0,1	0,1	3,04	5,80	99,3	46,0	13,2	92,1	18,884	0,0	0,0	0,4	0	
10:02	0,0	0,0000000	0,0	0,1	3,03	5,87	99,3	46,0	13,2	92,1	18,884	0,0	0,0	0,3	0	
10:04	0,0	0,0000000	0,0	0,1	3,03	5,93	99,3	46,0	13,2	92,1	18,884	0,0	0,0	0,2	0	
10:06	0,0	0,0000000	0,0	0,1	3,04	5,98	99,3	46,0	13,2	92,1	18,884	0,0	0,0	0,2	0	
10:08	0,0	0,0000000	-0,1	0,1	3,04	5,98	98,7	46,0	13,2	93,3	18,884	0,0	0,0	0,2	0	
10:10	0,0	0,0000000	0,0	0,1	3,04	5,87	98,7	46,0	13,2	93,3	18,884	0,0	0,0	0,3	0	
10:12	0,0	0,0000000	-0,1	0,1	3,04	6,06	98,7	46,0	13,2	93,3	18,884	0,0	0,0	0,2	0	
10:14	0,0	0,0000000	0,0	0,0	3,04	6,26	98,7	46,0	13,3	93,3	18,884	0,0	0,0	0,3	0	
10:16	0,0	0,0000000	0,0	0,1	3,05	6,28	98,7	46,0	13,3	93,3	18,884	0,0	0,0	0,3	0	
10:18	0,0	0,0000000	0,0	0,1	3,04	6,28	98,7	46,0	13,3	93,3	18,884	0,0	0,0	0,2	0	
10:20	0,0	0,0000000	0,0	0,1	3,03	6,30	98,7	46,0	13,3	93,3	18,884	0,0	0,0	0,2	0	
10:22	0,0	0,0000000	0,0	0,1	3,02	6,29	98,7	46,0	13,3	93,3	18,884	0,0	0,0	0,2	0	
10:24	0,0	0,0000000	0,0	0,1	3,01	6,27	98,7	46,0	13,3	93,3	18,884	0,0	0,0	0,4	0	
10:26	0,0	0,0000000	0,0	0,1	3,00	6,24	98,7	46,0	13,2	93,3	18,884	0,0	0,0	0,2	0	
10:28	0,0	0,0000000	0,0	0,1	3,01	6,19	99,6	46,0	13,3	92,7	18,884	0,0	0,0	0,2	0	
10:30	0,0	0,0000000	-0,1	0,1	3,03	6,15	99,6	46,0	13,3	92,7	18,884	0,0	0,0	0,2	0	
10:32	0,0	0,0000000	0,0	0,1	3,04	6,10	99,6	46,0	13,2	92,7	18,884	0,0	0,0	0,2	0	
10:34	0,0	0,0000000	-0,1	0,1	3,05	6,01	99,6	46,0	13,2	92,7	18,884	0,0	0,0	0,3	0	
10:36	0,0	0,0000000	0,0	0,1	3,04	6,01	99,6	46,0	13,2	92,7	18,884	0,0	0,0	0,2	0	
10:38	0,0	0,0000000	0,0	0,1	3,03	6,06	99,6	46,0	13,2	92,7	18,884	0,0	0,0	0,2	0	
10:40	0,0	0,0000000	0,0	0,1	3,02	5,85	99,6	46,0	13,2	92,7	18,884	0,0	0,0	0,2	0	
10:42	0,0	0,0000000	-0,1	0,1	3,02	5,70	99,6	46,0	13,2	92,7	18,884	0,0	0,0	0,3	0	
10:44	0,0	0,0000000	-0,1	0,1	3,01	5,63	99,6	46,0	13,2	92,7	18,884	0,0	0,0	0,2	0	
10:46	0,0	0,0000000	0,0	0,1	3,01	5,56	99,6	46,0	13,2	92,7	18,884	0,0	0,0	0,2	0	
10:48	0,0	0,0000000	0,0	0,0	3,01	5,47	98,8	46,0	13,2	92,1	18,884	0,0	0,0	0,2	0	
10:50	0,0	0,0000000	0,0	0,1	3,01	5,40	98,8	46,0	13,2	92,1	18,884	0,0	0,0	0,3	0	
10:52	0,0	0,0000000	0,0	0,1	3,01	5,35	98,8	46,0	13,2	92,1	18,884	0,0	0,0	0,3	0	
10:54	0,0	0,0000000	0,0	0,1	3,00	5,35	98,8	46,0	13,2	92,1	18,884	0,0	0,0	0,2	0	
10:56	0,0	0,0000000	0,0	0,1	2,99	5,37	98,8	46,0	13,2	92,1	18,884	0,0	0,0	0,1	0	
10:58	0,0	0,0000000	0,0	0,1	2,99	5,40	98,8	46,0	13,2	92,1	18,884	0,0	0,0	0,3	0	
10:60	0,0	0,0000000	0,0	0,1	2,99	5,45	98,8	46,0	13,2	92,1	18,884	0,0	0,0	0,2	0	
10:62	0,0	0,0000000	0,0	0,1	3,00	5,71	98,8	46,0	13,2	92,1	18,884	0,0	0,0	0,1	0	
10:64	0,0	0,0000000	0,0	0,1	3,01	5,61	98,8	46,0	13,2	92,1	18,884	0,0	0,0	0,2	0	
10:66	0,0	0,0000000	-0,1	0,1	3,02	5,61	98,8	46,0	13,2	92,1	18,884	0,0	0,0	0,2	0	
10:68	0,0	0,0000000	0,0	0,1	3,01	5,84	98,7	46,0	13,1	92,7	18,884	0,0	0,0	0,2	0	
10:70	0,0	0,0000000	-0,1	0,1	3,01	5,96	98,7	46,0	13,1	92,7	18,884	0,0	0,0	0,3	0	
10:72	0,0	0,0000000	0,0	0,1	3,00	6,05	98,7	46,0	13,2	92,7	18,884	0,0	0,0	0,2	0	
10:74	0,0	0,0000000	-0,1	0,1	3,00	6,14	98,7	46,0	13,2	92,7	18,884	0,0	0,0	0,2	0	
10:76	0,0	0,0000000	0,0	0,1	3,00	6,23	98,7	46,0	13,2	92,7	18,884	0,0	0,0	0,2	0	
10:78	0,0	0,0000000	0,0	0,1	3,00	6,26	98,7	46,0	13,2	92,7	18,884	0,0	0,0	0,1	0	
10:80	0,0	0,0000000	-0,1	0,1	3,01	6,29	98,7	46,0	13,2	92,7	18,884	0,0	0,0	0,3	0	
10:82	0,0	0,0000000	0,0	0,1	3,00	6,32	98,7	46,0	13,3	92,7	18,884	0,0	0,0	0,2	0	
10:84	0,0	0,0000000	-0,1	0,1	2,99	6,29	98,7	46,0	13,3	92,7	18,884	0,0	0,0	0,2	0	
10:86	0,0	0,0000000	0,0	0,1	2,98	6,22	98,7	46,0	13,3	92,7	18,884	0,0	0,0	0,2	0	
10:88	0,0	0,0000000	-0,1	0,1	2,99	6,15	98,7	45,9	13,3	91,0	18,884	0,0	0,0	0,3	0	
10:90	0,0	0,0000000	0,0	0,1	3,01	6,13	98,7	45,9	13,3	91,0	18,884	0,0	0,0	0,2	0	
10:92	0,0	0,0000000	0,0	0,1	3,02	6,12	98,7	45,9	13,2	91,0	18,884	0,0	0,0	0,6	0	
10:94	0,0	0,0000000	0,0	0,1	3,02	5,98	98,7	45,9	13,2	91,0	18,884	0,0	0,0	0,0	0	
10:96	0,0	0,0000000	0,0	0,1	3,02	5,86	98,7	45,9	13,2	91,0	18,884	0,0	0,0	0,3	0	
10:98	0,0	0,0000000	-0,1	0,1	3,01	5,80	98,7	45,9	13,3	91,0	18,884	0,0	0,0	0,2	0	
11:00	0,0	0,0000000	-0,1	0,1	3,01	5,73	98,7	45,9	13,3	91,0	18,884	0,0	0,0	0,2	0	
11:02	0,0	0,0000000	0,0	0,1	3,01	5,67	98,7	45,9	13,3	91,0	18,884	0,0	0,0	0,2	0	
11:04	0,0	0,0000000	-0,1	0,1	3,03	5,62	98,7	45,9	13,3	91,0	18,884	0,0	0,0	0,2	0	
11:06	0,0	0,0000000	0,0	0,0	3,04	5,54	98,7	45,9	13,3	91,0	18,884	0,0	0,0	0,2	0	
11:08	0,0	0,0000000	0,0	0,1	3,06	5,49	99,1	45,9	13,3	91,6	18,884	0,0	0,0	0,2	0	
11:10	0,0	0,0000000	0,0	0,1	3,07	5,45	99,1	45,9	13,3	91,6	18,884	0,0	0,0	0,3	0	
11:12	0,0	0,0000000	0,0	0,1	3,07	5,41	99,1	45,9	13,3	91,6	18,884	0,0	0,0	0,3	0	
11:14	0,0	0,0000000	0,0	0,0	3,06	5,64	99,1	45,9	13,3	91,6	18,884	0,0	0,0	0,2	0	
11:16	0,0	0,0000000	0,0	0,0	3,05	5,57	99,1	45,9	13,3	91,6	18,884	0,0	0,0	0,3	0	
11:18	0,0	0,0000000	0,0	0,1	3,04	5,30	99,1	45,9	13,3	91,6	18,884	0,0	0,0	0,2	0	
11:20	0,0	0,0000000	0,0	0,1	3,04	5,34	99,1	45,9	13,3	91,6	18,884	0,0	0,0	0,3	0	
11:22	0,0	0,0000000	0,0	0,1	3,04	5,38	99,1	45,9	13,3	91,6	18,884	0,0	0,0	0,3	0	
11:24	0,0	0,0000000	0,0	0,0	3,04	5,38	99,1	45,9	13,3	91,6	18,884	0,0	0,0	0,1	0	
11:26	0,0	0,0000000	0,0	0,1	3,04	5,39	99,1	45,9	13,3	91,6	18,884	0,0	0,0	0,3	0	
11:28	0,0	0,0000000	-0,1	0,1	3,04	5,41	98,8	45,9	13,3	90,4	18,884	0,0	0,0	0,3	0	
11:30	0,0	0,0000000	-0,1	0,0	3,04	5,46	98,8	45,9	13,3	90,4	18,884	0,0	0,0	0,3	0	
11:32	0,0	0,0000000	-0,1	0,0	3,05	5,48	98,8	45,9	13,3	90,4	18,884	0,0	0,0	0,2	0	
11:34	0,0	0,0000000	-0,1	0,0	3,06	5,55	98,8	45,9	13,3	90,4	18,884	0,0	0,0	0,2	0	
11:36	0,0	0,0000000	-0,1	0,1	3,07	5,61	98,8	45,9	13,3	90,4	18,884	0,0	0,0	0,2	0	
11:38	0,0	0,0000000	0,0	0,1	3,07	5,64	98,8	45,9	13,3	90,4	18,884	0,0	0,0	0,1	0	
11:40	0,0	0,0000000	-0,1	0,1	3,06	5,70	98,8	45,9	13,3	90,4	18,884	0,0	0,0	0,2	0	
11:42	0,0	0,0000000	-0,1	0,1	3,05	5,77	98,8	45,9	13,2	90,4	18,884	0,0	0,0	0,2	0	
11:44	0,0	0,0000000	0,0	0,0	3,03	5,66	98,8	45,9	13,2	90,4	18,884	0,0	0,0	0,3	0	
11:46	0,0	0,0000000	0,0	0,1	3,03	5,72	98,8	45,9	13,2	90,4	18,884	0,0	0,0	0,1	0	
11:48	0,0	0,0000000	0,0	0,1	3,03	5,90	99,3	46,0	13,2	89,4	18,884	0,0	0,0	0,2	0	
11:50	0,0	0,0000000	0,0	0,0	3,02	5,98	99,3	46,0	13,2	89,4	18,884	0,0	0,0	0,2	0	
11:52	0,0	0,0000000	-0,1	0,0	3,02	6,02	99,3	46,0	13,2	89,4	18,884	0,0	0,0	0,2	0	
11:54	0,0	0,0000000	0,0	0,1	3,02	6,09	99,3	46,0	13,2	89,4	18,884	0,0	0,0	0,2	0	
11:56	0,0	0,0000000	0,0	0,1	3,03	6,15	99,3	46,0	13,2	89,4	18,884	0,0	0,0	0,2	0	
11:58	0,0	0,0000000	0,0	0,1	3,04	6,21	99,3	46,0	13,2	89,4	18,884	0,0	0,0	0,1	0	
11:60	0,0	0,0000000	0,0	0,0	3,04	6,27	99,3	46,0	13,2	89,4	18,884	0,0	0,0	0,3	0	
11:62	0,0	0,0000000	-0,1	0,0	3,04	6,29	99,3	46,0	13,2	89,4	18,884	0,0	0,0	0,2	0	
11:64	0,0	0,0000000	0,0	0,1	3,03	6,29	99,3	46,0	13,2	89,4	18,884	0,0	0,0	0,3	0	
11:66	0,0	0,0000000	0,0	0,0	3,02	6,29	99,3	46,0	13,2	89,4	18,884	0,0	0,0	0,3	0	
11:68	0,0	0,0000000	0,0	0,1	3,02	6,02	98,8	45,9	13,2	89,4	18,884	0,0	0,0	0,1	0	
11:70	0,0	0,0000000	-0,1	0,1	3,02	5,91	98,8	45,9	13,2	89,4	18,884	0,0	0,0	0,1	0	
11:72	0,0	0,0000000	0,0	0,1	3,02	6,29	98,8	45,9	13,2	89,4	18,884	0,0	0,0	0,3	0	
11:74	0,0	0,0000000	0,0	0,1	3,03	6,23	98,8	45,9	13,2	89,4	18,884	0,0	0,0	0,2	0	
11:76	0,0	0,0000000	0,0	0,0	3,03	6,08	98,8	45,9	13,2	89,4	18,884	0,0	0,0	0,2	0	
11:78	0,0	0,0000000	-0,1	0,1	3,03	6,01	98,8	45,9	13,2	89,4	18,884	0,0	0,0	0,4	0	
11:80	0,0	0,0000000	0,0	0,1	3,02	5,91	98,8	45,9	13,2	89,4	18,884	0,0	0,0	0,2	0	
11:82	0,0	0,0000000	0,0	0,1	3,00	5,77	98,8	45,9	13,3	89,4	18,884	0,0	0,0	0,2	0	
11:84	0,0	0,0000000	-0,1	0,1	2,98	5,64	98,8	45,9	13,3	89,4	18,884	0,0	0,0	0,2	0	
11:86	0,0	0,0000000	0,0	0,1	2,97	5,55	98,8	45,9	13,3	89,4	18,884	0,0	0,0	0,2	0	
11:88	0,0	0,0000000	-0,1	0,1	2,98	5,47	99,4	45,9	13,3	89,4	18,884	0,0	0,0	0,2	0	
11:90	0,0	0,0000000	-0,1	0,0	2,98	5,37	99,4	45,9	13,3	89,4	18,884	0,0	0,0	0,4	0	
11:92	0,0	0,0000000	0,0	0,1	2,98	5,34	99,4	45,9	13,3	89,4	18,884	0,0	0,0	0,4	0	
11:94	0,0	0,0000000	-0,1	0,1	2,99	5,35	99,4	45,9	13,3	89,4	18,884	0,0	0,0	0,2	0	
11:96	0,0	0,0000000	0,0	0,1	2,99	5,50	99,4	45,9	13,3	89,4	18,884	0,0	0,0	0,3	0	
11:98	0,0	0,0000000	0,0	0,0	3,00	5,45	99,4	45,9	13,3	89,4	18,884	0,0	0,0	0,3	0	
12:00	0,0	0,0000000	0,0	0,1	3,01	5,34	99,4	45,9	13,3	89,4	18,884	0,0	0,0	0,5	0	
12:02	0,0	0,0000000	0,0	0,0	3,02	5,46	99,4	45,9	13,3	89,4	18,884	0,0	0,0	0,4	0	
12:04	0,0	0,0000000	0,0	0,1	3,04	5,54	99,4	45,9	13,3	89,4	18,884	0,0	0,0	0,3	0	
12:06	0,0	0,0000000	0,0	0,0	3,05	5,60	99,4	45,9	13,3	89,4	18,884	0,0	0,0	0,2	0	
12:08	0,0	0,0000000	0,0	0,1	3,05	5,68	99,0	45,9	13,3	89,4	18,884	0,0	0,0	0,3	0	
12:10	0,0	0,0000000	0,0	0,1	3,04	5,78	99,0	45,9	13,3	89,4	18,884	0,0	0,0	0,2	0	
12:12	0,0	0,0000000	0,0	0,1	3,02	5,89	99,0	45,9	13,2	89,4	18,885	0,0	0,0	0,3	0	
12:14	0,0	0,0000000	0,0	0,1	3,01	5,95	99,0	45,9	13,3	89,4	18,885	0,0	0,0	0,2	0	
12:16	0,0	0,0000000	0,0	0,1	2,99	6,07	99,0	45,9	13,3	89,4	18,885	0,0	0,0	0,3	0	
12:18	0,0	0,0000000	0,0	0,1	2,99	6,15	99,0	45,9	13,3	89,4	18,885	0,0	0,0	0,1	0	
12:20	0,0	0,0000000	0,0	0,1	3,00	6,21	99,0	45,9	13,3	89,4	18,885	0,0	0,0	0,3	0	
12:22	0,0	0,0000000	0,0	0,1	3,01	6,03	99,0	45,9	13,3	89,4	18,885	0,0	0,0	0,2	0	
12:24	0,0	0,0000000	0,0	0,1	3,01	5,98	99,0	45,9	13,3	89,4	18,885	0,0	0,0	0,3	0	
12:26	0,0	0,0000000	0,0	0,1	3,01	6,32	99,0	45,9	13,3	89,4	18,885	0,0	0,0	0,2	0	
12:28	0,0	0,0000000	-0,1	0,1	3,00	6,36	99,4	45,9	13,3	88,1	18,885	0,0	0,0	0,2	0	
12:30	0,0	0,0000000	-0,1	0,1	3,00	6,28	99,4	45,9	13,3	88,1	18,885	0,0	0,0	0,2	0	
12:32	0,0	0,0000000	0,0	0,1	2,99	6,24	99,4	45,9	13,3	88,1	18,885	0,0	0,0	0,2	0	
12:34	0,0	0,0000000	-0,1	0,0	2,99	6,20	99,4	45,9	13,3	88,1	18,885	0,0	0,0	0,2	0	
12:36	0,0	0,0000000	0,0	0,1	3,00	6,12	99,4	45,9	13,3	88,1	18,885	0,0	0,0	0,2	0	
12:38	0,0	0,0000000	0,0	0,1	3,00	6,05	99,4	45,9	13,3	88,1	18,885	0,0	0,0	0,4	0	
12:40	0,0	0,0000000	0,0	0,1	3,00	5,96	99,4	45,9	13,3	88,1	18,885	0,0	0,0	0,3	0	
12:42	0,0	0,0000000	-0,1	0,1	2,99	5,86	99,4	45,9	13,3	88,1	18,885	0,0	0,0	0,2	0	
12:44	0,0	0,0000000	-0,1	0,1	2,98	5,75	99,4	45,9	13,3	88,1	18,885	0,0	0,0	0,3	0	
12:46	0,0	0,0000000	0,0	0,1	2,98	5,67	99,4	45,9	13,3	88,1	18,885	0,0	0,0	0,1	0	
12:48	0,0	0,0000000	0,0	0,0	2,98	5,61	99,0	45,9	13,3	87,7	18,885	0,0	0,0	0,4	0	
12:50	0,0	0,0000000	-0,1	0,1	2,99	5,66	99,0	45,9	13,3	87,7	18,885	0,0	0,0	0,4	0	
12:52	0,0	0,0000000	-0,1	0,1	3,00	5,61	99,0	45,9	13,3	87,7	18,885	0,0	0,0	0,2	0	
12:54	0,0	0,0000000	-0,1	0,0	3,02	5,39	99,0	45,9	13,3	87,7	18,885	0,0	0,0	0,2	0	
12:56	0,0	0,0000000	0,0	0,1	3,03	5,35	99,0	45,9	13,3	87,7	18,885	0,0	0,0	0,2	0	
12:58	0,0	0,0000000	-0,1	0,1	3,02	5,36	99,0	45,9	13,3	87,7	18,885	0,0	0,0	0,3	0	
12:60	0,0	0,0000000	0,0	0,1	3,01	5,35	99,0	45,9	13,3	87,7	18,885	0,0	0,0	0,4	0	
12:62	0,0	0,0000000	0,0	0,1	3,00	5,37	99,0	45,9	13,3	87,7	18,885	0,0	0,0	0,2	0	
12:64	0,0	0,0000000	0,0	0,1	3,00	5,42	99,0	45,9	13,3	87,7	18,885	0,0	0,0	0,2	0	
12:66	0,0	0,0000000	-0,1	0,1	2,99	5,49	99,0	45,9	13,3	87,7	18,885	0,0	0,0	0,3	0	
12:68	0,0	0,0000000	-0,1	0,1	3,00	5,57	98,9	45,9	13,2	88,1	18,885	0,0	0,0	0,3	0	
12:70	0,0	0,0000000	0,0	0,1	3,00	5,68	98,9	45,9	13,2	88,1	18,885	0,0	0,0	0,4	0	
12:72	0,0	0,0000000	0,0	0,1	3,00	5,79	98,9	45,9	13,2	88,1	18,885	0,0	0,0	0,2	0	
12:74	0,0	0,0000000	0,0	0,1	3,00	5,96	98,9	45,9	13,2	88,1	18,885	0,0	0,0	0,2	0	
12:76	0,0	0,0000000	0,0	0,1	2,99	5,94	98,9	45,9	13,2	88,1	18,885	0,0	0,0	0,2	0	
12:78	0,0	0,0000000	-0,1	0,0	2,98	5,99	98,9	45,9	13,2	88,1	18,885	0,0	0,0	0,3	0	
12:80	0,0	0,0000000	0,0	0,1	2,98	6,21	98,9	45,9	13,2	88,1	18,885	0,0	0,0	0,2	0	
12:82	0,0	0,0000000	0,0	0,1	2,99	6,25	98,9	45,9	13,2	88,1	18,885	0,0	0,0	0,2	0	
12:84	0,0	0,0000000	0,0	0,1	3,00	6,27	98,9	45,9	13,3	88,1	18,885	0,0	0,0	0,2	0	
12:86	0,0	0,0000000	0,0	0,1	3,00	6,31	98,9	45,9	13,3	88,1	18,885	0,0	0,0	0,2	0	
12:88	0,0	0,0000000	0,0	0,1	3,00	6,30	99,4	45,8	13,3	87,8	18,885	0,0	0,0	0,3	0	
12:90	0,0	0,0000000	-0,1	0,1	2,99	6,28	99,4	45,8	13,3	87,8	18,885	0,0	0,0	0,3	0	
12:92	0,0	0,0000000	0,0	0,1	2,99	6,23	99,4	45,8	13,3	87,8	18,885	0,0	0,0	0,2	0	
12:94	0,0	0,0000000	0,0	0,1	2,99	6,13	99,4	45,8	13,3	87,8	18,885	0,0	0,0	0,3	0	
12:96	0,0	0,0000000	0,0	0,1	2,99	6,04	99,4	45,8	13,3	87,8	18,885	0,0	0,0	0,4	0	
12:98	0,0	0,0000000	0,0	0,1	2,98	5,96	99,4	45,8	13,3	87,8	18,885	0,0	0,0	0,3	0	
13:00	0,0	0,0000000	0,0	0,1	2,98	5,87	99,4	45,8	13,3	87,8	18,885	0,0	0,0	0,3	0	
13:02	0,0	0,0000000	0,0	0,1	2,99	5,90	99,4	45,8	13,3	87,8	18,885	0,0	0,0	0,4	0	
13:04	0,0	0,0000000	-0,1	0,1	2,99	5,90	99,4	45,8	13,4	87,8	18,885	0,0	0,0	0,3	0	
13:06	0,0	0,0000000	0,0	0,1	2,99	5,63	99,4	45,8	13,3	87,8	18,885	0,0	0,0	0,2	0	
13:08	0,0	0,0000000	0,0	0,1	3,00	5,51	99,3	45,9	13,4	88,2	18,885	0,0	0,0	0,1	0	
13:10	0,0	0,0000000	0,0	0,1	3,01	5,47	99,3	45,9	13,4	88,2	18,885	0,0	0,0	0,4	0	
13:12	0,0	0,0000000	0,0	0,1	3,02	5,42	99,3	45,9	13,3	88,2	18,885	0,0	0,0	0,3	0	
13:14	0,0	0,0000000	0,0	0,1	3,02	5,38	99,3	45,9	13,4	88,2	18,885	0,0	0,0	0,2	0	
13:16	0,0	0,0000000	0,0	0,1	3,02	5,35	99,3	45,9	13,4	88,2	18,885	0,0	0,0	0,3	0	
13:18	0,0	0,0000000	0,0	0,1	3,01	5,35	99,3	45,9	13,3	88,2	18,885	0,0	0,0	0,3	0	
13:20	0,0	0,0000000	0,0	0,1	3,01	5,36	99,3	45,9	13,4	88,2	18,885	0,0	0,0	0,3	0	
13:22	0,0	0,0000000	0,0	0,1	3,00	5,38	99,3	45,9	13,3	88,2	18,885	0,0	0,0	0,1	0	
13:24	0,0	0,0000000	0,0	0,0	2,99	5,45	99,3	45,9	13,4	88,2	18,885	0,0	0,0	0,2	0	
13:26	0,0	0,0000000	0,0	0,0	2,99	5,67	99,3	45,9	13,4	88,2	18,885	0,0	0,0	0,1	0	
13:28	0,0	0,0000000	0,0	0,1	3,00	5,67	99,6	45,8	13,3	86,9	18,885	0,0	0,0	0,3	0	
13:30	0,0	0,0000000	0,0	0,1	3,01	5,55	99,6	45,8	13,4	86,9	18,885	0,0	0,0	0,2	0	
13:32	0,0	0,0000000	0,1	0,1	3,00	5,75	99,6	45,8	13,3	86,9	18,885	0,0	0,0	0,4	0	
13:34	0,0	0,0000000	0,0	0,1	2,99	5,83	99,6	45,8	13,3	86,9	18,885	0,0	0,0	0,2	0	
13:36	0,0	0,0000000	0,0	0,0	2,99	5,87	99,6	45,8	13,3	86,9	18,885	0,0	0,0	0,1	0	
13:38	0,0	0,0000000	0,0	0,1	3,00	5,92	99,6	45,8	13,3	86,9	18,885	0,0	0,0	0,2	0	
13:40	0,0	0,0000000	-0,1	0,1	3,01	5,99	99,6	45,8	13,3	86,9	18,885	0,0	0,0	0,2	0	
13:42	0,0	0,0000000	0,0	0,1	3,01	6,03	99,6	45,8	13,3	86,9	18,885	0,0	0,0	0,3	0	
13:44	0,0	0,0000000	0,0	0,0	3,01	6,09	99,6	45,8	13,3	86,9	18,885	0,0	0,0	0,2	0	
13:46	0,0	0,0000000	-0,1	0,1	3,02	6,14	99,6	45,8	13,3	86,9	18,885	0,0	0,0	0,3	0	
13:48	0,0	0,0000000	0,0	0,0	3,03	6,20	99,5	45,8	13,3	86,4	18,885	0,0	0,0	0,2	0	
13:50	0,0	0,0000000	0,0	0,0	3,05	5,97	99,5	45,8	13,3	86,4	18,885	0,0	0,0	0,2	0	
13:52	0,0	0,0000000	0,0	0,0	3,05	5,89	99,5	45,8	13,3	86,4	18,885	0,0	0,0	0,2	0	
13:54	0,0	0,0000000	0,0	0,1	3,04	6,27	99,5	45,8	13,3	86,4	18,885	0,0	0,0	0,3	0	
13:56	0,0	0,0000000	0,0	0,1	3,02	6,36	99,5	45,8	13,3	86,4	18,885	0,0	0,0	0,3	0	
13:58	0,0	0,0000000	0,0	0,1	3,00	6,29	99,5	45,8	13,3	86,4	18,885	0,0	0,0	0,3	0	
13:60	0,0	0,0000000	0,0	0,0	2,99	6,24	99,5	45,8	13,3	86,4	18,885	0,0	0,0	0,2	0	
13:62	0,0	0,0000000	0,0	0,1	2,99	6,19	99,5	45,8	13,3	86,4	18,885	0,0	0,0	0,2	0	
13:64	0,0	0,0000000	-0,1	0,0	3,00	6,12	99,5	45,8	13,3	86,4	18,885	0,0	0,0	0,2	0	
13:66	0,0	0,0000000	-0,1	0,0	3,00	6,02	99,5	45,8	13,2	86,4	18,885	0,0	0,0	0,7	0	
13:68	0,0	0,0000000	0,0	0,1	2,99	5,92	99,5	45,8	13,2	86,0	18,885	0,0	0,0	0,2	0	
13:70	0,0	0,0000000	0,0	0,1	2,98	5,81	99,5	45,8	13,3	86,0	18,885	0,0	0,0	0,2	0	
13:72	0,0	0,0000000	-0,1	0,1	2,97	5,63	99,5	45,8	13,3	86,0	18,885	0,0	0,0	0,1	0	
13:74	0,0	0,0000000	0,0	0,1	2,95	5,48	99,5	45,8	13,3	86,0	18,885	0,0	0,0	0,3	0	
13:76	0,0	0,0000000	0,0	0,1	2,94	5,37	99,5	45,8	13,3	86,0	18,885	0,0	0,0	0,2	0	
13:78	0,0	0,0000000	0,0	0,1	2,93	5,32	99,5	45,8	13,3	86,0	18,885	0,0	0,0	0,3	0	
13:80	0,0	0,0000000	0,0	0,1	2,91	5,37	99,5	45,8	13,3	86,0	18,885	0,0	0,0	0,4	0	
13:82	0,0	0,0000000	0,0	0,1	2,90	5,65	99,5	45,8	13,3	86,0	18,885	0,0	0,0	0,2	0	
13:84	0,0	0,0000000	-0,1	0,0	2,90	5,67	99,5	45,8	13,2	86,0	18,885	0,0	0,0	0,5	0	
13:86	0,0	0,0000000	0,0	0,1	2,90	5,69	99,5	45,8	13,2	86,0	18,885	0,0	0,0	0,3	0	
13:88	0,0	0,0000000	0,0	0,1	2,90	5,94	99,5	45,9	13,3	85,6	18,885	0,0	0,0	0,3	0	
13:90	0,0	0,0000000	0,0	0,1	2,91	6,09	99,5	45,9	13,3	85,6	18,885	0,0	0,0	0,2	0	
13:92	0,0	0,0000000	0,0	0,1	2,93	6,21	99,5	45,9	13,3	85,6	18,885	0,0	0,0	0,2	0	
13:94	0,0	0,0000000	0,0	0,1	2,94	6,31	99,5	45,9	13,3	85,6	18,885	0,0	0,0	0,1	0	
13:96	0,0	0,0000000	0,0	0,1	2,95	6,33	99,5	45,9	13,3	85,6	18,885	0,0	0,0	0,2	0	
13:98	0,0	0,0000000	0,0	0,0	2,94	6,29	99,5	45,9	13,3	85,6	18,885	0,0	0,0	0,2	0	
14:00	0,0	0,0000000	-0,1	0,1	2,94	6,20	99,5	45,9	13,4	85,6	18,885	0,0	0,0	0,2	0	
14:02	0,0	0,0000000	0,0	0,1	2,94	6,08	99,5	45,9	13,3	85,6	18,885	0,0	0,0	0,5	0	
14:04	0,0	0,0000000	0,0	0,1	2,95	5,96	99,5	45,9	13,3	85,6	18,885	0,0	0,0	0,3	0	
14:06	0,0	0,0000000	0,0	0,1	2,95	5,83	99,5	45,9	13,3	85,6	18,885	0,0	0,0	0,3	0	
14:08	0,0	0,0000000	0,0	0,1	2,95	5,69	99,0	45,9	13,4	85,6	18,885	0,0	0,0	0,2	0	
14:10	0,0	0,0000000	0,0	0,1	2,95	5,73	99,0	45,9	13,4	85,6	18,885	0,0	0,0	0,3	0	
14:12	0,0	0,0000000	-0,1	0,1	2,95	5,65	99,0	45,9	13,4	85,6	18,885	0,0	0,0	0,3	0	
14:14	0,0	0,0000000	0,0	0,1	2,95	5,34	99,0	45,9	13,4	85,6	18,885	0,0	0,0	0,3	0	
14:16	0,0	0,0000000	0,0	0,1	2,96	5,30	99,0	45,9	13,4	85,6	18,885	0,0	0,0	0,2	0	
14:18	0,0	0,0000000	0,0	0,1	2,96	5,37	99,0	45,9	13,4	85,6	18,885	0,0	0,0	0,3	0	
14:20	0,0	0,0000000	0,0	0,1	2,95	5,44	99,0	45,9	13,4	85,6	18,885	0,0	0,0	0,2	0	
14:22	0,0	0,0000000	0,0	0,1	2,95	5,54	99,0	45,9	13,4	85,6	18,885	0,0	0,0	0,3	0	
14:24	0,0	0,0000000	0,0	0,0	2,94	5,74	99,0	45,9	13,3	85,6	18,885	0,0	0,0	0,3	0	
14:26	0,0	0,0000000	0,0	0,1	2,91	5,98	99,0	45,9	13,3	85,6	18,885	0,0	0,0	0,3	0	
14:28	0,0	0,0000000	-0,1	0,1	2,88	6,26	99,4	45,8	13,4	84,7	18,885	0,0	0,0	0,2	0	
14:30	0,0	0,0000000	-0,1	0,1	2,84	6,37	99,4	45,8	13,4	84,7	18,885	0,0	0,0	0,3	0	
14:32	0,0	0,0000000	0,0	0,0	2,81	6,25	99,4	45,8	13,4	84,7	18,885	0,0	0,0	0,2	0	
14:34	0,0	0,0000000	0,0	0,1	2,78	6,01	99,4	45,8	13,3	84,7	18,885	0,0	0,0	0,2	0	
14:36	0,0	0,0000000	0,0	0,1	2,77	5,73	99,4	45,8	13,4	84,7	18,885	0,0	0,0	0,2	0	
14:38	0,0	0,0000000	0,0	0,1	2,76	5,44	99,4	45,8	13,4	84,7	18,885	0,0	0,0	0,3	0	
14:40	0,0	0,0000000	0,0	0,0	2,75	5,29	99,4	45,8	13,4	84,7	18,885	0,0	0,0	0,5	0	
14:42	0,0	0,0000000	0,0	0,1	2,76	5,42	99,4	45,8	13,4	84,7	18,885	0,0	0,0	0,2	0	
14:44	0,0	0,0000000	0,0	0,1	2,78	5,64	99,4	45,8	13,4	84,7	18,885	0,0	0,0	0,3	0	
14:46	0,0	0,0000000	0,0	0,1	2,80	5,98	99,4	45,8	13,3	84,7	18,885	0,0	0,0	0,2	0	
14:48	0,0	0,0000000	-0,1	0,1	2,82	5,86	99,2	45,8	13,3	83,4	18,885	0,0	0,0	0,2	0	
14:50	0,0	0,0000000	0,0	0,1	2,83	6,28	99,2	45,8	13,3	83,4	18,885	0,0	0,0	0,2	0	
14:52	0,0	0,0000000	-0,1	0,1	2,83	6,36	99,2	45,8	13,3	83,4	18,885	0,0	0,0	0,3	0	
14:54	0,0	0,0000000	0,0	0,0	2,83	6,13	99,2	45,8	13,2	83,4	18,885	0,0	0,0	0,1	0	
14:56	0,0	0,0000000	0,0	0,1	2,83	5,89	99,2	45,8	13,2	83,4	18,885	0,0	0,0	0,2	0	
14:58	0,0	0,0000000	0,0	0,1	2,83	5,62	99,2	45,8	13,3	83,4	18,885	0,0	0,0	0,2	0	
14:60	0,0	0,0000000	0,0	0,1	2,83	5,45	99,2	45,8	13,3	83,4	18,885	0,0	0,0	0,4	0	
14:62	0,0	0,0000000	0,0	0,1	2,84	5,31	99,2	45,8	13,3	83,4	18,886	0,0	0,0	0,2	0	
14:64	0,0	0,0000000	0,0	0,1	2,86	5,34	99,2	45,8	13,3	83,4	18,886	0,0	0,0	0,3	0	
14:66	0,0	0,0000000	0,0	0,1	2,87	5,43	99,2	45,8	13,3	83,4	18,886	0,0	0,0	0,3	0	
14:68	0,0	0,0000000	-0,1	0,1	2,88	5,59	99,0	45,8	13,3	83,8	18,886	0,0	0,0	0,3	0	
14:70	0,0	0,0000000	0,0	0,1	2,89	5,77	99,0	45,8	13,3	83,8	18,886	0,0	0,0	0,3	0	
14:72	0,0	0,0000000	0,0	0,1	2,89	5,90	99,0	45,8	13,2	83,8	18,886	0,0	0,0	0,2	0	
14:74	0,0	0,0000000	0,0	0,0	2,89	5,98	99,0	45,8	13,3	83,8	18,886	0,0	0,0	0,2	0	
14:76	0,0	0,0000000	0,0	0,1	2,90	6,28	99,0	45,8	13,3	83,8	18,886	0,0	0,0	0,3	0	
14:78	0,0	0,0000000	0,0	0,1	2,91	6,34	99,0	45,8	13,3	83,8	18,886	0,0	0,0	0,2	0	
14:80	0,0	0,0000000	-0,1	0,0	2,92	6,31	99,0	45,8	13,3	83,8	18,886	0,0	0,0	0,2	0	
14:82	0,0	0,0000000	-0,1	0,1	2,94	6,28	99,0	45,8	13,3	83,8	18,886	0,0	0,0	0,3	0	
14:84	0,0	0,0000000	0,0	0,1	2,94	6,25	99,0	45,8	13,3	83,8	18,886	0,0	0,0	0,2	0	
14:86	0,0	0,0000000	0,0	0,1	2,96	6,17	99,0	45,8	13,3	83,8	18,886	0,0	0,0	0,2	0	
14:88	0,0	0,0000000	-0,1	0,1	2,98	6,08	99,3	45,8	13,3	83,4	18,886	0,0	0,0	0,1	0	
14:90	0,0	0,0000000	-0,1	0,1	3,00	6,03	99,3	45,8	13,3	83,4	18,886	0,0	0,0	0,3	0	
14:92	0,0	0,0000000	0,0	0,1	3,01	5,99	99,3	45,8	13,3	83,4	18,886	0,0	0,0	0,1	0	
14:94	0,0	0,0000000	0,0	0,1	3,01	5,92	99,3	45,8	13,3	83,4	18,886	0,0	0,0	0,4	0	
14:96	0,0	0,0000000	0,0	0,1	3,01	5,94	99,3	45,8	13,3	83,4	18,886	0,0	0,0	0,4	0	
14:98	0,0	0,0000000	0,0	0,1	3,02	5,97	99,3	45,8	13,3	83,4	18,886	0,0	0,0	0,3	0	
15:00	0,0	0,0000000	0,0	0,1	3,03	5,81	99,3	45,8	13,4	83,4	18,886	0,0	0,0	0,3	0	
15:02	0,0	0,0000000	0,1	0,1	3,04	5,72	99,3	45,8	13,4	83,4	18,886	0,0	0,0	0,2	0	
15:04	0,0	0,0000000	0,0	0,1	3,05	5,71	99,3	45,8	13,4	83,4	18,886	0,0	0,0	0,3	0	
15:06	0,0	0,0000000	0,1	0,1	3,06	5,67	99,3	45,8	13,4	83,4	18,886	0,0	0,0	0,1	0	
15:08	0,0	0,0000000	0,0	0,1	3,06	5,67	99,4	45,8	13,4	83,4	18,886	0,0	0,0	0,2	0	
15:10	0,0	0,0000000	0,0	0,1	3,06	5,61	99,4	45,8	13,4	83,4	18,886	0,0	0,0	0,2	0	
15:12	0,0	0,0000000	0,0	0,1	3,06	5,56	99,4	45,8	13,4	83,4	18,886	0,0	0,0	0,2	0	
15:14	0,0	0,0000000	0,0	0,1	3,07	5,51	99,4	45,8	13,4	83,4	18,886	0,0	0,0	0,3	0	
15:16	0,0	0,0000000	0,0	0,1	3,07	5,48	99,4	45,8	13,4	83,4	18,886	0,0	0,0	0,2	0	
15:18	0,0	0,0000000	-0,1	0,0	3,07	5,41	99,4	45,8	13,4	83,4	18,886	0,0	0,0	0,3	0	
15:20	0,0	0,0000000	-0,1	0,1	3,05	5,54	99,4	45,8	13,4	83,4	18,886	0,0	0,0	0,3	0	
15:22	0,0	0,0000000	0,0	0,1	3,03	5,55	99,4	45,8	13,4	83,4	18,886	0,0	0,0	0,3	0	
15:24	0,0	0,0000000	0,0	0,1	3,00	5,29	99,4	45,8	13,4	83,4	18,886	0,0	0,0	0,3	0	
15:26	0,0	0,0000000	0,0	0,1	2,98	5,38	99,4	45,8	13,4	83,4	18,886	0,0	0,0	0,3	0	
15:28	0,0	0,0000000	0,0	0,1	2,98	5,46	98,9	45,8	13,4	82,6	18,886	0,0	0,0	0,1	0	
15:30	0,0	0,0000000	0,0	0,1	2,98	5,56	98,9	45,8	13,4	82,6	18,886	0,0	0,0	0,2	0	
15:32	0,0	0,0000000	0,0	0,1	2,97	5,70	98,9	45,8	13,4	82,6	18,886	0,0	0,0	0,3	0	
15:34	0,0	0,0000000	0,0	0,1	2,96	5,87	98,9	45,8	13,3	82,6	18,886	0,0	0,0	0,2	0	
15:36	0,0	0,0000000	0,0	0,1	2,94	6,04	98,9	45,8	13,3	82,6	18,886	0,0	0,0	0,2	0	
15:38	0,0	0,0000000	0,0	0,1	2,93	6,20	98,9	45,8	13,4	82,6	18,886	0,0	0,0	0,4	0	
15:40	0,0	0,0000000	0,0	0,0	2,91	6,31	98,9	45,8	13,4	82,6	18,886	0,0	0,0	0,3	0	
15:42	0,0	0,0000000	0,0	0,1	2,90	6,32	98,9	45,8	13,4	82,6	18,886	0,0	0,0	0,1	0	
15:44	0,0	0,0000000	-0,1	0,0	2,89	6,27	98,9	45,8	13,4	82,6	18,886	0,0	0,0	0,2	0	
15:46	0,0	0,0000000	0,0	0,1	2,88	6,18	98,9	45,8	13,4	82,6	18,886	0,0	0,0	0,2	0	
15:48	0,0	0,0000000	-0,1	0,1	2,89	6,02	99,4	45,8	13,3	83,0	18,886	0,0	0,0	0,2	0	
15:50	0,0	0,0000000	0,0	0,1	2,89	5,85	99,4	45,8	13,4	83,0	18,886	0,0	0,0	0,3	0	
15:52	0,0	0,0000000	0,0	0,0	2,90	5,77	99,4	45,8	13,3	83,0	18,886	0,0	0,0	0,2	0	
15:54	0,0	0,0000000	0,0	0,1	2,90	5,66	99,4	45,8	13,3	83,0	18,886	0,0	0,0	0,4	0	
15:56	0,0	0,0000000	0,0	0,1	2,91	5,35	99,4	45,8	13,3	83,0	18,886	0,0	0,0	0,2	0	
15:58	0,0	0,0000000	0,0	0,1	2,91	5,30	99,4	45,8	13,3	83,0	18,886	0,0	0,0	0,4	0	
15:60	0,0	0,0000000	0,0	0,1	2,90	5,37	99,4	45,8	13,3	83,0	18,886	0,0	0,0	0,3	0	
15:62	0,0	0,0000000	-0,1	0,1	2,91	5,45	99,4	45,8	13,3	83,0	18,886	0,0	0,0	0,1	0	
15:64	0,0	0,0000000	-0,1	0,0	2,92	5,52	99,4	45,8	13,3	83,0	18,886	0,0	0,0	0,3	0	
15:66	0,0	0,0000000	0,0	0,1	2,94	5,62	99,4	45,8	13,3	83,0	18,886	0,0	0,0	0,1	0	
15:68	0,0	0,0000000	0,0	0,1	2,97	5,74	99,2	45,7	13,3	82,1	18,886	0,0	0,0	0,2	0	
15:70	0,0	0,0000000	-0,1	0,0	2,98	5,85	99,2	45,7	13,3	82,1	18,886	0,0	0,0	0,2	0	
15:72	0,0	0,0000000	0,0	0,0	2,98	5,98	99,2	45,7	13,2	82,1	18,886	0,0	0,0	0,2	0	
15:74	0,0	0,0000000	-0,1	0,0	2,99	5,92	99,2	45,7	13,3	82,1	18,886	0,0	0,0	0,2	0	
15:76	0,0	0,0000000	0,0	0,0	2,99	5,97	99,2	45,7	13,3	82,1	18,886	0,0	0,0	0,2	0	
15:78	0,0	0,0000000	0,0	0,0	2,99	6,19	99,2	45,7	13,3	82,1	18,886	0,0	0,0	0,2	0	
15:80	0,0	0,0000000	0,0	0,0	3,01	6,23	99,2	45,7	13,3	82,1	18,886	0,0	0,0	0,3	0	
15:82	0,0	0,0000000	0,0	0,0	3,02	6,25	99,2	45,7	13,4	82,1	18,886	0,0	0,0	0,2	0	
15:84	0,0	0,0000000	0,0	0,0	3,03	6,28	99,2	45,7	13,4	82,1	18,886	0,0	0,0	0,2	0	
15:86	0,0	0,0000000	0,1	0,1	3,03	6,30	99,2	45,7	13,4	82,1	18,886	0,0	0,0	0,2	0	
15:88	0,0	0,0000000	0,0	0,1	3,03	6,28	98,8	45,8	13,4	82,1	18,886	0,0	0,0	0,3	0	
15:90	0,0	0,0000000	0,0	0,1	3,02	6,28	98,8	45,8	13,4	82,1	18,886	0,0	0,0	0,3	0	
15:92	0,0	0,0000000	-0,1	0,1	3,02	6,29	98,8	45,8	13,4	82,1	18,886	0,0	0,0	0,3	0	
15:94	0,0	0,0000000	-0,1	0,1	3,02	5,99	98,8	45,8	13,4	82,1	18,886	0,0	0,0	0,1	0	
15:96	0,0	0,0000000	0,0	0,1	3,03	5,93	98,8	45,8	13,4	82,1	18,886	0,0	0,0	0,3	0	
15:98	0,0	0,0000000	-0,1	0,1	3,04	6,32	98,8	45,8	13,4	82,1	18,886	0,0	0,0	0,1	0	
16:00	0,0	0,0000000	-0,1	0,0	3,04	6,29	98,8	45,8	13,4	82,1	18,886	0,0	0,0	0,3	0	
16:02	0,0	0,0000000	0,0	0,1	3,04	6,21	98,8	45,8	13,4	82,1	18,886	0,0	0,0	0,2	0	
16:04	0,0	0,0000000	-0,1	0,0	3,05	6,17	98,8	45,8	13,4	82,1	18,886	0,0	0,0	0,2	0	
16:06	0,0	0,0000000	0,0	0,1	3,06	6,12	98,8	45,8	13,4	82,1	18,886	0,0	0,0	0,2	0	
16:08	0,0	0,0000000	-0,1	0,0	3,05	6,06	99,3	45,7	13,4	81,7	18,886	0,0	0,0	0,3	0	
16:10	0,0	0,0000000	0,0	0,1	3,04	5,96	99,3	45,7	13,4	81,7	18,886	0,0	0,0	0,3	0	
16:12	0,0	0,0000000	0,0	0,1	3,03	5,88	99,3	45,7	13,4	81,7	18,886	0,0	0,0	0,3	0	
16:14	0,0	0,0000000	-0,1	0,1	3,01	5,78	99,3	45,7	13,4	81,7	18,886	0,0	0,0	0,2	0	
16:16	0,0	0,0000000	0,0	0,0	2,99	5,65	99,3	45,7	13,4	81,7	18,886	0,0	0,0	0,2	0	
16:18	0,0	0,0000000	0,0	0,0	2,97	5,52	99,3	45,7	13,4	81,7	18,886	0,0	0,0	0,2	0	
16:20	0,0	0,0000000	-0,1	0,0	2,96	5,42	99,3	45,7	13,4	81,7	18,886	0,0	0,0	0,3	0	
16:22	0,0	0,0000000	0,0	0,1	2,96	5,36	99,3	45,7	13,4	81,7	18,886	0,0	0,0	0,2	0	
16:24	0,0	0,0000000	0,0	0,1	2,96	5,32	99,3	45,7	13,4	81,7	18,886	0,0	0,0	0,1	0	
16:26	0,0	0,0000000	0,0	0,1	2,95	5,50	99,3	45,7	13,4	81,7	18,886	0,0	0,0	0,2	0	
16:28	0,0	0,0000000	0,0	0,1	2,94	5,54	100,1	45,7	13,4	81,3	18,886	0,0	0,0	0,2	0	
16:30	0,0	0,0000000	0,0	0,1	2,94	5,51	100,1	45,7	13,4	81,3	18,886	0,0	0,0	0,5	0	
16:32	0,0	0,0000000	0,0	0,1	2,93	5,79	100,1	45,7	13,3	81,3	18,886	0,0	0,0	0,3	0	
16:34	0,0	0,0000000	0,0	0,0	2,91	5,98	100,1	45,7	13,4	81,3	18,886	0,0	0,0	0,2	0	
16:36	0,0	0,0000000	0,0	0,1	2,90	6,18	100,1	45,7	13,4	81,3	18,886	0,0	0,0	0,2	0	
16:38	0,0	0,0000000	0,0	0,1	2,90	6,29	100,1	45,7	13,4	81,3	18,886	0,0	0,0	0,2	0	
16:40	0,0	0,0000000	-0,1	0,0	2,90	6,35	100,1	45,7	13,4	81,3	18,886	0,0	0,0	0,3	0	
16:42	0,0	0,0000000	0,0	0,1	2,89	6,27	100,1	45,7	13,4	81,3	18,886	0,0	0,0	0,2	0	
16:44	0,0	0,0000000	0,0	0,1	2,89	6,15	100,1	45,7	13,4	81,3	18,886	0,0	0,0	0,5	0	
16:46	0,0	0,0000000	-0,1	0,1	2,88	5,94	100,1	45,7	13,4	81,3	18,886	0,0	0,0	0,2	0	
16:48	0,0	0,0000000	0,0	0,1	2,87	5,74	99,1	45,8	13,4	80,9	18,886	0,0	0,0	0,3	0	
16:50	0,0	0,0000000	-0,1	0,1	2,86	5,55	99,1	45,8	13,4	80,9	18,886	0,0	0,0	0,3	0	
16:52	0,0	0,0000000	-0,1	0,1	2,87	5,40	99,1	45,8	13,4	80,9	18,886	0,0	0,0	0,3	0	
16:54	0,0	0,0000000	0,0	0,0	2,87	5,33	99,1	45,8	13,4	80,9	18,886	0,0	0,0	0,3	0	
16:56	0,0	0,0000000	0,0	0,1	2,88	5,36	99,1	45,8	13,4	80,9	18,886	0,0	0,0	0,2	0	
16:58	0,0	0,0000000	0,0	0,0	2,88	5,60	99,1	45,8	13,4	80,9	18,886	0,0	0,0	0,2	0	
16:60	0,0	0,0000000	-0,1	0,1	2,88	5,69	99,1	45,8	13,3	80,9	18,886	0,0	0,0	0,3	0	
16:62	0,0	0,0000000	-0,1	0,1	2,88	5,78	99,1	45,8	13,3	80,9	18,886	0,0	0,0	0,3	0	
16:64	0,0	0,0000000	0,0	0,1	2,88	6,05	99,1	45,8	13,3	80,9	18,886	0,0	0,0	0,2	0	
16:66	0,0	0,0000000	0,0	0,1	2,89	6,23	99,1	45,8	13,3	80,9	18,886	0,0	0,0	0,2	0	
16:68	0,0	0,0000000	0,0	0,1	2,90	6,33	99,3	45,8	13,3	81,3	18,886	0,0	0,0	0,3	0	
16:70	0,0	0,0000000	-0,1	0,1	2,91	6,33	99,3	45,8	13,3	81,3	18,886	0,0	0,0	0,3	0	
16:72	0,0	0,0000000	0,0	0,1	2,91	6,24	99,3	45,8	13,3	81,3	18,886	0,0	0,0	0,2	0	
16:74	0,0	0,0000000	-0,1	0,1	2,90	6,10	99,3	45,8	13,3	81,3	18,886	0,0	0,0	0,3	0	
16:76	0,0	0,0000000	-0,1	0,1	2,89	5,92	99,3	45,8	13,3	81,3	18,886	0,0	0,0	0,2	0	
16:78	0,0	0,0000000	0,0	0,1	2,89	5,76	99,3	45,8	13,3	81,3	18,886	0,0	0,0	0,2	0	
16:80	0,0	0,0000000	-0,1	0,1	2,89	5,61	99,3	45,8	13,3	81,3	18,886	0,0	0,0	0,3	0	
16:82	0,0	0,0000000	0,0	0,1	2,91	5,48	99,3	45,8	13,3	81,3	18,886	0,0	0,0	0,3	0	
16:84	0,0	0,0000000	0,0	0,1	2,93	5,40	99,3	45,8	13,3	81,3	18,886	0,0	0,0	0,2	0	
16:86	0,0	0,0000000	0,0	0,1	2,95	5,54	99,3	45,8	13,4	81,3	18,886	0,0	0,0	0,3	0	
16:88	0,0	0,0000000	-0,1	0,0	2,96	5,52	99,3	45,7	13,4	80,9	18,886	0,0	0,0	0,2	0	
16:90	0,0	0,0000000	0,0	0,1	2,97	5,29	99,3	45,7	13,3	80,9	18,886	0,0	0,0	0,3	0	
16:92	0,0	0,0000000	0,0	0,1	2,97	5,40	99,3	45,7	13,4	80,9	18,886	0,0	0,0	0,3	0	
16:94	0,0	0,0000000	0,0	0,0	2,98	5,49	99,3	45,7	13,4	80,9	18,886	0,0	0,0	0,2	0	
16:96	0,0	0,0000000	0,0	0,1	2,99	5,56	99,3	45,7	13,4	80,9	18,886	0,0	0,0	0,3	0	
16:98	0,0	0,0000000	0,0	0,1	3,01	5,64	99,3	45,7	13,4	80,9	18,886	0,0	0,0	0,1	0	
17:00	0,0	0,0000000	0,1	0,1	3,02	5,72	99,3	45,7	13,4	80,9	18,886	0,0	0,0	0,4	0	
17:02	0,0	0,0000000	-0,1	0,1	3,01	5,79	99,3	45,7	13,4	80,9	18,886	0,0	0,0	0,2	0	
17:04	0,0	0,0000000	0,0	0,1	3,01	5,87	99,3	45,7	13,4	80,9	18,886	0,0	0,0	0,2	0	
17:06	0,0	0,0000000	0,0	0,1	3,01	5,94	99,3	45,7	13,4	80,9	18,886	0,0	0,0	0,2	0	
17:08	0,0	0,0000000	0,0	0,1	3,01	6,01	99,5	45,7	13,4	80,0	18,886	0,0	0,0	0,2	0	
17:10	0,0	0,0000000	-0,1	0,1	3,01	5,93	99,5	45,7	13,4	80,0	18,886	0,0	0,0	0,3	0	
17:12	0,0	0,0000000	0,0	0,1	3,01	5,98	99,5	45,7	13,4	80,0	18,886	0,0	0,0	0,3	0	
17:14	0,0	0,0000000	0,0	0,0	3,03	6,19	99,5	45,7	13,4	80,0	18,886	0,0	0,0	0,2	0	
17:16	0,0	0,0000000	0,0	0,1	3,04	6,23	99,5	45,7	13,4	80,0	18,886	0,0	0,0	0,3	0	
17:18	0,0	0,0000000	-0,1	0,1	3,06	6,25	99,5	45,7	13,4	80,0	18,886	0,0	0,0	0,2	0	
17:20	0,0	0,0000000	-0,1	0,0	3,06	6,26	99,5	45,7	13,5	80,0	18,886	0,0	0,0	0,3	0	
17:22	0,0	0,0000000	0,0	0,1	3,05	6,28	99,5	45,7	13,5	80,0	18,887	0,0	0,0	0,2	0	
17:24	0,0	0,0000000	0,0	0,1	3,04	6,30	99,5	45,7	13,5	80,0	18,887	0,0	0,0	0,1	0	
17:26	0,0	0,0000000	0,0	0,1	3,03	6,29	99,5	45,7	13,5	80,0	18,887	0,0	0,0	0,3	0	
17:28	0,0	0,0000000	0,0	0,0	3,02	6,31	99,1	45,7	13,4	79,7	18,887	0,0	0,0	0,2	0	
17:30	0,0	0,0000000	-0,1	0,1	3,02	6,28	99,1	45,7	13,4	79,7	18,887	0,0	0,0	0,2	0	
17:32	0,0	0,0000000	-0,1	0,1	3,02	6,26	99,1	45,7	13,4	79,7	18,887	0,0	0,0	0,3	0	
17:34	0,0	0,0000000	-0,1	0,0	3,01	6,14	99,1	45,7	13,4	79,7	18,887	0,0	0,0	0,3	0	
17:36	0,0	0,0000000	0,0	0,1	3,00	6,14	99,1	45,7	13,4	79,7	18,887	0,0	0,0	0,3	0	
17:38	0,0	0,0000000	0,0	0,1	2,99	6,11	99,1	45,7	13,4	79,7	18,887	0,0	0,0	0,2	0	
17:40	0,0	0,0000000	0,0	0,1	2,98	5,87	99,1	45,7	13,5	79,7	18,887	0,0	0,0	0,3	0	
17:42	0,0	0,0000000	0,0	0,1	2,95	5,60	99,1	45,7	13,4	79,7	18,887	0,0	0,0	0,3	0	
17:44	0,0	0,0000000	0,0	0,1	2,93	5,45	99,1	45,7	13,4	79,7	18,887	0,0	0,0	0,3	0	
17:46	0,0	0,0000000	-0,1	0,1	2,91	5,34	99,1	45,7	13,4	79,7	18,887	0,0	0,0	0,2	0	
17:48	0,0	0,0000000	0,0	0,1	2,89	5,33	99,1	45,7	13,4	79,7	18,887	0,0	0,0	0,2	0	
17:50	0,0	0,0000000	0,0	0,1	2,88	5,45	99,1	45,7	13,4	79,7	18,887	0,0	0,0	0,3	0	
17:52	0,0	0,0000000	0,0	0,1	2,87	5,61	99,1	45,7	13,4	79,7	18,887	0,0	0,0	0,4	0	
17:54	0,0	0,0000000	-0,1	0,1	2,87	5,82	99,1	45,7	13,4	79,7	18,887	0,0	0,0	0,3	0	
17:56	0,0	0,0000000	0,0	0,1	2,87	6,00	99,1	45,7	13,3	79,7	18,887	0,0	0,0	0,3	0	
17:58	0,0	0,0000000	-0,1	0,1	2,88	6,17	99,1	45,7	13,3	79,7	18,887	0,0	0,0	0,2	0	
17:60	0,0	0,0000000	0,0	0,1	2,89	6,28	99,1	45,7	13,4	79,7	18,887	0,0	0,0	0,2	0	
17:62	0,0	0,0000000	0,0	0,1	2,91	6,34	99,1	45,7	13,4	79,7	18,887	0,0	0,0	0,1	0	
17:64	0,0	0,0000000	-0,1	0,0	2,92	6,32	99,1	45,7	13,4	79,7	18,887	0,0	0,0	0,2	0	
17:66	0,0	0,0000000	0,0	0,1	2,93	6,15	99,1	45,7	13,4	79,7	18,887	0,0	0,0	0,3	0	
17:68	0,0	0,0000000	-0,1	0,1	2,94	6,14	99,5	45,7	13,4	79,7	18,887	0,0	0,0	0,3	0	
17:70	0,0	0,0000000	0,0	0,1	2,94	6,12	99,5	45,7	13,3	79,7	18,887	0,0	0,0	0,4	0	
17:72	0,0	0,0000000	-0,1	0,1	2,94	5,89	99,5	45,7	13,3	79,7	18,887	0,0	0,0	0,2	0	
17:74	0,0	0,0000000	0,0	0,1	2,94	5,69	99,5	45,7	13,4	79,7	18,887	0,0	0,0	0,4	0	
17:76	0,0	0,0000000	0,0	0,1	2,94	5,56	99,5	45,7	13,4	79,7	18,887	0,0	0,0	0,1	0	
17:78	0,0	0,0000000	-0,1	0,0	2,94	5,46	99,5	45,7	13,3	79,7	18,887	0,0	0,0	0,2	0	
17:80	0,0	0,0000000	-0,1	0,1	2,94	5,36	99,5	45,7	13,4	79,7	18,887	0,0	0,0	0,3	0	
17:82	0,0	0,0000000	0,0	0,1	2,95	5,32	99,5	45,7	13,3	79,7	18,887	0,0	0,0	0,2	0	
17:84	0,0	0,0000000	0,0	0,0	2,94	5,38	99,5	45,7	13,3	79,7	18,887	0,0	0,0	0,2	0	
17:86	0,0	0,0000000	0,0	0,1	2,94	5,50	99,5	45,7	13,3	79,7	18,887	0,0	0,0	0,1	0	
17:88	0,0	0,0000000	0,0	0,1	2,93	5,63	99,3	45,7	13,3	79,0	18,887	0,0	0,0	0,4	0	
17:90	0,0	0,0000000	0,0	0,1	2,92	5,85	99,3	45,7	13,3	79,0	18,887	0,0	0,0	0,2	0	
17:92	0,0	0,0000000	0,0	0,1	2,92	5,92	99,3	45,7	13,3	79,0	18,887	0,0	0,0	0,3	0	
17:94	0,0	0,0000000	0,0	0,0	2,91	6,04	99,3	45,7	13,3	79,0	18,887	0,0	0,0	0,2	0	
17:96	0,0	0,0000000	0,0	0,1	2,91	6,32	99,3	45,7	13,4	79,0	18,887	0,0	0,0	0,3	0	
17:98	0,0	0,0000000	0,0	0,1	2,90	6,35	99,3	45,7	13,4	79,0	18,887	0,0	0,0	0,2	0	
18:00	0,0	0,0000000	-0,1	0,0	2,90	6,28	99,3	45,7	13,4	79,0	18,887	0,0	0,0	0,2	0	
18:02	0,0	0,0000000	0,0	0,1	2,91	6,20	99,3	45,7	13,4	79,0	18,887	0,0	0,0	0,3	0	
18:04	0,0	0,0000000	0,0	0,1	2,91	6,07	99,3	45,7	13,4	79,0	18,887	0,0	0,0	0,5	0	
18:06	0,0	0,0000000	0,0	0,1	2,92	5,93	99,3	45,7	13,4	79,0	18,887	0,0	0,0	0,2	0	
18:08	0,0	0,0000000	0,0	0,1	2,93	5,79	98,7	45,8	13,4	78,7	18,887	0,0	0,0	0,2	0	
18:10	0,0	0,0000000	-0,1	0,1	2,93	5,62	98,7	45,8	13,5	78,7	18,887	0,0	0,0	0,4	0	
18:12	0,0	0,0000000	-0,1	0,1	2,94	5,48	98,7	45,8	13,4	78,7	18,887	0,0	0,0	0,3	0	
18:14	0,0	0,0000000	0,0	0,1	2,95	5,39	98,7	45,8	13,5	78,7	18,887	0,0	0,0	0,2	0	
18:16	0,0	0,0000000	0,0	0,1	2,96	5,36	98,7	45,8	13,5	78,7	18,887	0,0	0,0	0,3	0	
18:18	0,0	0,0000000	-0,1	0,1	2,96	5,53	98,7	45,8	13,5	78,7	18,887	0,0	0,0	0,1	0	
18:20	0,0	0,0000000	0,0	0,1	2,96	5,49	98,7	45,8	13,5	78,7	18,887	0,0	0,0	0,2	0	
18:22	0,0	0,0000000	0,0	0,1	2,97	5,32	98,7	45,8	13,5	78,7	18,887	0,0	0,0	0,2	0	
18:24	0,0	0,0000000	0,0	0,1	2,98	5,43	98,7	45,8	13,5	78,7	18,887	0,0	0,0	0,2	0	
18:26	0,0	0,0000000	0,0	0,1	3,00	5,49	98,7	45,8	13,5	78,7	18,887	0,0	0,0	0,1	0	
18:28	0,0	0,0000000	-0,1	0,1	3,02	5,56	99,9	45,7	13,5	79,4	18,887	0,0	0,0	0,3	0	
18:30	0,0	0,0000000	-0,1	0,1	3,04	5,61	99,9	45,7	13,5	79,4	18,887	0,0	0,0	0,2	0	
18:32	0,0	0,0000000	0,0	0,1	3,04	5,69	99,9	45,7	13,5	79,4	18,887	0,0	0,0	0,3	0	
18:34	0,0	0,0000000	0,1	0,1	3,03	5,76	99,9	45,7	13,4	79,4	18,887	0,0	0,0	0,2	0	
18:36	0,0	0,0000000	0,0	0,1	3,02	5,85	99,9	45,7	13,4	79,4	18,887	0,0	0,0	0,3	0	
18:38	0,0	0,0000000	-0,1	0,1	3,02	6,00	99,9	45,7	13,4	79,4	18,887	0,0	0,0	0,2	0	
18:40	0,0	0,0000000	-0,1	0,0	3,01	5,92	99,9	45,7	13,4	79,4	18,887	0,0	0,0	0,4	0	
18:42	0,0	0,0000000	0,0	0,1	3,00	5,99	99,9	45,7	13,4	79,4	18,887	0,0	0,0	0,1	0	
18:44	0,0	0,0000000	-0,1	0,0	3,01	6,21	99,9	45,7	13,5	79,4	18,887	0,0	0,0	0,1	0	
18:46	0,0	0,0000000	0,0	0,0	3,02	6,24	99,9	45,7	13,5	79,4	18,887	0,0	0,0	0,2	0	
18:48	0,0	0,0000000	0,0	0,1	3,03	6,27	99,2	45,7	13,5	78,5	18,887	0,0	0,0	0,3	0	
18:50	0,0	0,0000000	0,0	0,1	3,03	6,28	99,2	45,7	13,5	78,5	18,887	0,0	0,0	0,3	0	
18:52	0,0	0,0000000	0,0	0,1	3,03	6,29	99,2	45,7	13,5	78,5	18,887	0,0	0,0	0,3	0	
18:54	0,0	0,0000000	0,0	0,1	3,03	6,30	99,2	45,7	13,5	78,5	18,887	0,0	0,0	0,2	0	
18:56	0,0	0,0000000	0,0	0,1	3,02	6,31	99,2	45,7	13,5	78,5	18,887	0,0	0,0	0,2	0	
18:58	0,0	0,0000000	0,0	0,1	3,02	6,27	99,2	45,7	13,5	78,5	18,887	0,0	0,0	0,3	0	
18:60	0,0	0,0000000	-0,1	0,1	3,01	6,24	99,2	45,7	13,4	78,5	18,887	0,0	0,0	0,3	0	
18:62	0,0	0,0000000	-0,1	0,1	3,01	6,18	99,2	45,7	13,4	78,5	18,887	0,0	0,0	0,2	0	
18:64	0,0	0,0000000	0,1	0,1	3,02	6,10	99,2	45,7	13,4	78,5	18,887	0,0	0,0	0,3	0	
18:66	0,0	0,0000000	-0,1	0,1	3,02	6,01	99,2	45,7	13,3	78,5	18,887	0,0	0,0	0,3	0	
18:68	0,0	0,0000000	-0,1	0,1	3,01	5,97	99,4	45,7	13,3	78,2	18,887	0,0	0,0	0,3	0	
18:70	0,0	0,0000000	0,0	0,1	2,99	5,88	99,4	45,7	13,4	78,2	18,887	0,0	0,0	0,3	0	
18:72	0,0	0,0000000	-0,1	0,1	2,97	5,60	99,4	45,7	13,4	78,2	18,887	0,0	0,0	0,2	0	
18:74	0,0	0,0000000	0,0	0,1	2,95	5,42	99,4	45,7	13,4	78,2	18,887	0,0	0,0	0,3	0	
18:76	0,0	0,0000000	0,0	0,1	2,94	5,35	99,4	45,7	13,4	78,2	18,887	0,0	0,0	0,3	0	
18:78	0,0	0,0000000	0,1	0,1	2,93	5,32	99,4	45,7	13,4	78,2	18,887	0,0	0,0	0,3	0	
18:80	0,0	0,0000000	0,0	0,1	2,92	5,37	99,4	45,7	13,4	78,2	18,887	0,0	0,0	0,3	0	
18:82	0,0	0,0000000	-0,1	0,1	2,93	5,44	99,4	45,7	13,4	78,2	18,887	0,0	0,0	0,1	0	
18:84	0,0	0,0000000	0,0	0,1	2,95	5,51	99,4	45,7	13,4	78,2	18,887	0,0	0,0	0,3	0	
18:86	0,0	0,0000000	0,1	0,1	2,97	5,63	99,4	45,7	13,4	78,2	18,887	0,0	0,0	0,4	0	
18:88	0,0	0,0000000	0,0	0,1	2,98	5,79	99,3	45,7	13,3	77,6	18,887	0,0	0,0	0,2	0	
18:90	0,0	0,0000000	0,0	0,1	2,98	5,89	99,3	45,7	13,3	77,6	18,887	0,0	0,0	0,4	0	
18:92	0,0	0,0000000	0,0	0,1	2,97	5,99	99,3	45,7	13,3	77,6	18,887	0,0	0,0	0,2	0	
18:94	0,0	0,0000000	0,0	0,1	2,97	5,98	99,3	45,7	13,3	77,6	18,887	0,0	0,0	0,1	0	
18:96	0,0	0,0000000	0,0	0,1	2,97	5,91	99,3	45,7	13,3	77,6	18,887	0,0	0,0	0,3	0	
18:98	0,0	0,0000000	0,0	0,1	2,99	6,23	99,3	45,7	13,4	77,6	18,887	0,0	0,0	0,2	0	
19:00	0,0	0,0000000	0,0	0,1	2,99	6,35	99,3	45,7	13,4	77,6	18,887	0,0	0,0	0,4	0	
19:02	0,0	0,0000000	0,0	0,1	3,00	6,31	99,3	45,7	13,5	77,6	18,887	0,0	0,0	0,3	0	
19:04	0,0	0,0000000	0,0	0,1	3,00	6,29	99,3	45,7	13,5	77,6	18,887	0,0	0,0	0,3	0	
19:06	0,0	0,0000000	0,0	0,1	3,00	6,25	99,3	45,7	13,4	77,6	18,887	0,0	0,0	0,3	0	
19:08	0,0	0,0000000	0,0	0,1	3,00	6,21	99,1	45,7	13,5	78,5	18,887	0,0	0,0	0,3	0	
19:10	0,0	0,0000000	-0,1	0,1	3,01	6,11	99,1	45,7	13,4	78,5	18,887	0,0	0,0	0,3	0	
19:12	0,0	0,0000000	0,0	0,1	3,01	6,01	99,1	45,7	13,4	78,5	18,887	0,0	0,0	0,2	0	
19:14	0,0	0,0000000	-0,1	0,1	3,00	5,90	99,1	45,7	13,4	78,5	18,887	0,0	0,0	0,3	0	
19:16	0,0	0,0000000	0,0	0,1	3,00	5,80	99,1	45,7	13,5	78,5	18,887	0,0	0,0	0,2	0	
19:18	0,0	0,0000000	-0,1	0,1	2,99	5,82	99,1	45,7	13,5	78,5	18,887	0,0	0,0	0,2	0	
19:20	0,0	0,0000000	0,0	0,1	2,99	5,80	99,1	45,7	13,5	78,5	18,887	0,0	0,0	0,3	0	
19:22	0,0	0,0000000	0,0	0,1	2,99	5,53	99,1	45,7	13,5	78,5	18,887	0,0	0,0	0,3	0	
19:24	0,0	0,0000000	0,0	0,1	3,01	5,44	99,1	45,7	13,5	78,5	18,887	0,0	0,0	0,3	0	
19:26	0,0	0,0000000	0,0	0,1	3,02	5,40	99,1	45,7	13,5	78,5	18,887	0,0	0,0	0,2	0	
19:28	0,0	0,0000000	0,0	0,1	3,02	5,39	99,1	45,7	13,5	78,5	18,887	0,0	0,0	0,2	0	
19:30	0,0	0,0000000	0,0	0,1	3,02	5,36	99,1	45,7	13,5	78,5	18,887	0,0	0,0	0,3	0	
19:32	0,0	0,0000000	-0,1	0,1	3,01	5,34	99,1	45,7	13,5	78,5	18,887	0,0	0,0	0,2	0	
19:34	0,0	0,0000000	-0,1	0,1	3,02	5,37	99,1	45,7	13,5	78,5	18,887	0,0	0,0	0,1	0	
19:36	0,0	0,0000000	0,1	0,1	3,03	5,37	99,1	45,7	13,5	78,5	18,887	0,0	0,0	0,1	0	
19:38	0,0	0,0000000	0,0	0,0	3,04	5,40	99,1	45,7	13,5	78,5	18,887	0,0	0,0	0,2	0	
19:40	0,0	0,0000000	0,0	0,1	3,05	5,45	99,1	45,7	13,5	78,5	18,887	0,0	0,0	0,3	0	
19:42	0,0	0,0000000	-0,1	0,1	3,05	5,65	99,1	45,7	13,5	78,5	18,887	0,0	0,0	0,2	0	
19:44	0,0	0,0000000	-0,1	0,0	3,05	5,66	99,1	45,7	13,5	78,5	18,887	0,0	0,0	0,2	0	
19:46	0,0	0,0000000	0,1	0,1	3,04	5,57	99,1	45,7	13,5	78,5	18,887	0,0	0,0	0,5	0	
19:48	0,0	0,0000000	-0,1	0,1	3,02	5,81	98,9	45,7	13,5	77,9	18,887	0,0	0,0	0,2	0	
19:50	0,0	0,0000000	-0,1	0,1	3,00	5,91	98,9	45,7	13,4	77,9	18,887	0,0	0,0	0,5	0	
19:52	0,0	0,0000000	0,0	0,1	2,98	5,99	98,9	45,7	13,4	77,9	18,887	0,0	0,0	0,2	0	
19:54	0,0	0,0000000	0,0	0,1	2,98	6,08	98,9	45,7	13,4	77,9	18,887	0,0	0,0	0,1	0	
19:56	0,0	0,0000000	0,1	0,1	2,99	6,14	98,9	45,7	13,5	77,9	18,887	0,0	0,0	0,2	0	
19:58	0,0	0,0000000	0,0	0,1	3,01	6,19	98,9	45,7	13,5	77,9	18,887	0,0	0,0	0,3	0	
19:60	0,0	0,0000000	-0,1	0,1	3,03	6,24	98,9	45,7	13,5	77,9	18,887	0,0	0,0	0,3	0	
19:62	0,0	0,0000000	0,0	0,1	3,05	6,27	98,9	45,7	13,4	77,9	18,887	0,0	0,0	0,3	0	
19:64	0,0	0,0000000	0,0	0,1	3,06	6,28	98,9	45,7	13,4	77,9	18,887	0,0	0,0	0,2	0	
19:66	0,0	0,0000000	0,0	0,1	3,05	6,28	98,9	45,7	13,4	77,9	18,887	0,0	0,0	0,3	0	
19:68	0,0	0,0000000	0,0	0,1	3,04	6,30	99,1	45,7	13,4	78,2	18,887	0,0	0,0	0,3	0	
19:70	0,0	0,0000000	0,0	0,1	3,04	6,01	99,1	45,7	13,4	78,2	18,887	0,0	0,0	0,3	0	
19:72	0,0	0,0000000	-0,1	0,1	3,04	5,93	99,1	45,7	13,4	78,2	18,888	0,0	0,0	0,3	0	
19:74	0,0	0,0000000	0,0	0,0	3,03	6,33	99,1	45,7	13,4	78,2	18,888	0,0	0,0	0,2	0	
19:76	0,0	0,0000000	0,0	0,1	3,03	6,29	99,1	45,7	13,4	78,2	18,888	0,0	0,0	0,3	0	
19:78	0,0	0,0000000	0,0	0,1	3,03	6,20	99,1	45,7	13,4	78,2	18,888	0,0	0,0	0,2	0	
19:80	0,0	0,0000000	-0,1	0,1	3,03	6,15	99,1	45,7	13,4	78,2	18,888	0,0	0,0	0,2	0	
19:82	0,0	0,0000000	0,0	0,1	3,05	6,11	99,1	45,7	13,4	78,2	18,888	0,0	0,0	0,2	0	
19:84	0,0	0,0000000	0,0	0,1	3,06	6,06	99,1	45,7	13,4	78,2	18,888	0,0	0,0	0,2	0	
19:86	0,0	0,0000000	0,0	0,1	3,07	6,00	99,1	45,7	13,4	78,2	18,888	0,0	0,0	0,3	0	
19:88	0,0	0,0000000	0,0	0,1	3,05	5,91	99,2	45,6	13,4	77,9	18,888	0,0	0,0	0,3	0	
19:90	0,0	0,0000000	-0,1	0,1	3,04	5,82	99,2	45,6	13,4	77,9	18,888	0,0	0,0	0,2	0	
19:92	0,0	0,0000000	0,0	0,1	3,02	5,74	99,2	45,6	13,4	77,9	18,888	0,0	0,0	0,2	0	
19:94	0,0	0,0000000	0,0	0,0	3,01	5,62	99,2	45,6	13,4	77,9	18,888	0,0	0,0	0,3	0	
19:96	0,0	0,0000000	0,0	0,1	3,00	5,53	99,2	45,6	13,4	77,9	18,888	0,0	0,0	0,2	0	
19:98	0,0	0,0000000	0,0	0,0	3,01	5,47	99,2	45,6	13,4	77,9	18,888	0,0	0,0	0,2	0	
20:00	0,0	0,0000000	0,0	0,1	3,01	5,53	99,2	45,6	13,4	77,9	18,888	0,0	0,0	0,2	0	
20:02	0,0	0,0000000	0,0	0,1	3,01	5,53	99,2	45,6	13,5	77,9	18,888	0,0	0,0	0,2	0	
20:04	0,0	0,0000000	0,0	0,1	3,01	5,32	99,2	45,6	13,5	77,9	18,888	0,0	0,0	0,2	0	
20:06	0,0	0,0000000	0,0	0,1	3,02	5,33	99,2	45,6	13,5	77,9	18,888	0,0	0,0	0,3	0	
20:08	0,0	0,0000000	0,0	0,1	3,03	5,38	99,4	45,6	13,5	77,9	18,888	0,0	0,0	0,4	0	
20:10	0,0	0,0000000	0,0	0,1	3,05	5,38	99,4	45,6	13,5	77,9	18,888	0,0	0,0	0,3	0	
20:12	0,0	0,0000000	0,0	0,1	3,06	5,39	99,4	45,6	13,5	77,9	18,888	0,0	0,0	0,2	0	
20:14	0,0	0,0000000	0,0	0,1	3,07	5,39	99,4	45,6	13,5	77,9	18,888	0,0	0,0	0,2	0	
20:16	0,0	0,0000000	0,0	0,1	3,07	5,40	99,4	45,6	13,5	77,9	18,888	0,0	0,0	0,2	0	
20:18	0,0	0,0000000	0,0	0,1	3,07	5,42	99,4	45,6	13,5	77,9	18,888	0,0	0,0	0,2	0	
20:20	0,0	0,0000000	0,0	0,0	3,08	5,44	99,4	45,6	13,5	77,9	18,888	0,0	0,0	0,3	0	
20:22	0,0	0,0000000	0,0	0,1	3,09	5,58	99,4	45,6	13,5	77,9	18,888	0,0	0,0	0,3	0	
20:24	0,0	0,0000000	0,0	0,1	3,11	5,53	99,4	45,6	13,5	77,9	18,888	0,0	0,0	0,2	0	
20:26	0,0	0,0000000	0,1	0,1	3,11	5,45	99,4	45,6	13,5	77,9	18,888	0,0	0,0	0,2	0	
20:28	0,0	0,0000000	0,0	0,0	3,12	5,56	99,5	45,6	13,5	77,9	18,888	0,0	0,0	0,3	0	
20:30	0,0	0,0000000	-0,1	0,0	3,11	5,66	99,5	45,6	13,5	77,9	18,888	0,0	0,0	0,2	0	
20:32	0,0	0,0000000	0,1	0,1	3,09	5,73	99,5	45,6	13,5	77,9	18,888	0,0	0,0	0,2	0	
20:34	0,0	0,0000000	0,0	0,1	3,06	5,79	99,5	45,6	13,5	77,9	18,888	0,0	0,0	0,2	0	
20:36	0,0	0,0000000	0,0	0,1	3,03	5,88	99,5	45,6	13,4	77,9	18,888	0,0	0,0	0,2	0	
20:38	0,0	0,0000000	0,0	0,0	3,02	5,95	99,5	45,6	13,4	77,9	18,888	0,0	0,0	0,3	0	
20:40	0,0	0,0000000	0,0	0,0	3,01	6,01	99,5	45,6	13,5	77,9	18,888	0,0	0,0	0,2	0	
20:42	0,0	0,0000000	-0,1	0,1	3,01	6,08	99,5	45,6	13,5	77,9	18,888	0,0	0,0	0,2	0	
20:44	0,0	0,0000000	-0,1	0,1	3,02	6,15	99,5	45,6	13,5	77,9	18,888	0,0	0,0	0,3	0	
20:46	0,0	0,0000000	0,0	0,1	3,03	6,19	99,5	45,6	13,5	77,9	18,888	0,0	0,0	0,2	0	
20:48	0,0	0,0000000	-0,1	0,0	3,05	6,22	98,9	45,6	13,5	77,3	18,888	0,0	0,0	0,2	0	
20:50	0,0	0,0000000	0,0	0,1	3,07	5,97	98,9	45,6	13,5	77,3	18,888	0,0	0,0	0,3	0	
20:52	0,0	0,0000000	-0,1	0,1	3,08	5,90	98,9	45,6	13,5	77,3	18,888	0,0	0,0	0,3	0	
20:54	0,0	0,0000000	0,0	0,1	3,08	6,23	98,9	45,6	13,5	77,3	18,888	0,0	0,0	0,3	0	
20:56	0,0	0,0000000	0,0	0,1	3,07	6,32	98,9	45,6	13,5	77,3	18,888	0,0	0,0	0,1	0	
20:58	0,0	0,0000000	0,0	0,0	3,06	6,26	98,9	45,6	13,5	77,3	18,888	0,0	0,0	0,2	0	
20:60	0,0	0,0000000	-0,1	0,0	3,06	6,26	98,9	45,6	13,5	77,3	18,888	0,0	0,0	0,3	0	
20:62	0,0	0,0000000	-0,1	0,1	3,06	6,28	98,9	45,6	13,5	77,3	18,888	0,0	0,0	0,2	0	
20:64	0,0	0,0000000	-0,1	0,0	3,06	6,28	98,9	45,6	13,5	77,3	18,888	0,0	0,0	0,3	0	
20:66	0,0	0,0000000	0,0	0,1	3,06	6,27	98,9	45,6	13,5	77,3	18,888	0,0	0,0	0,4	0	
20:68	0,0	0,0000000	0,0	0,1	3,07	6,27	99,2	45,7	13,4	77,6	18,888	0,0	0,0	0,3	0	
20:70	0,0	0,0000000	0,0	0,1	3,08	6,28	99,2	45,7	13,4	77,6	18,888	0,0	0,0	0,2	0	
20:72	0,0	0,0000000	0,0	0,1	3,09	6,02	99,2	45,7	13,4	77,6	18,888	0,0	0,0	0,2	0	
20:74	0,0	0,0000000	0,0	0,0	3,09	5,89	99,2	45,7	13,4	77,6	18,888	0,0	0,0	0,1	0	
20:76	0,0	0,0000000	0,0	0,1	3,09	6,25	99,2	45,7	13,4	77,6	18,888	0,0	0,0	0,2	0	
20:78	0,0	0,0000000	0,0	0,1	3,09	6,33	99,2	45,7	13,4	77,6	18,888	0,0	0,0	0,3	0	
20:80	0,0	0,0000000	0,0	0,1	3,08	6,29	99,2	45,7	13,4	77,6	18,888	0,0	0,0	0,3	0	
20:82	0,0	0,0000000	-0,1	0,1	3,08	6,28	99,2	45,7	13,4	77,6	18,888	0,0	0,0	0,4	0	
20:84	0,0	0,0000000	0,0	0,1	3,07	6,29	99,2	45,7	13,4	77,6	18,888	0,0	0,0	0,3	0	
20:86	0,0	0,0000000	0,1	0,1	3,07	6,29	99,2	45,7	13,4	77,6	18,888	0,0	0,0	0,2	0	
20:88	0,0	0,0000000	0,0	0,1	3,07	6,28	99,0	45,7	13,4	77,6	18,888	0,0	0,0	0,2	0	
20:90	0,0	0,0000000	-0,1	0,1	3,06	6,26	99,0	45,7	13,5	77,6	18,888	0,0	0,0	0,2	0	
20:92	0,0	0,0000000	0,0	0,1	3,06	6,24	99,0	45,7	13,5	77,6	18,888	0,0	0,0	0,2	0	
20:94	0,0	0,0000000	0,0	0,1	3,06	6,22	99,0	45,7	13,5	77,6	18,888	0,0	0,0	0,3	0	
20:96	0,0	0,0000000	0,0	0,1	3,07	6,16	99,0	45,7	13,4	77,6	18,888	0,0	0,0	0,2	0	
20:98	0,0	0,0000000	-0,1	0,1	3,08	6,11	99,0	45,7	13,4	77,6	18,888	0,0	0,0	0,3	0	
21:00	0,0	0,0000000	-0,1	0,1	3,07	6,03	99,0	45,7	13,4	77,6	18,888	0,0	0,0	0,4	0	
21:02	0,0	0,0000000	0,0	0,1	3,06	5,94	99,0	45,7	13,4	77,6	18,888	0,0	0,0	0,3	0	
21:04	0,0	0,0000000	0,0	0,1	3,04	6,01	99,0	45,7	13,3	77,6	18,888	0,0	0,0	0,4	0	
21:06	0,0	0,0000000	0,0	0,1	3,03	5,99	99,0	45,7	13,5	77,6	18,888	0,0	0,0	0,3	0	
21:08	0,0	0,0000000	0,0	0,1	3,03	5,79	99,0	45,7	13,5	77,0	18,888	0,0	0,0	0,2	0	
21:10	0,0	0,0000000	0,0	0,0	3,03	5,67	99,0	45,7	13,5	77,0	18,888	0,0	0,0	0,3	0	
21:12	0,0	0,0000000	0,0	0,1	3,04	5,66	99,0	45,7	13,5	77,0	18,888	0,0	0,0	0,1	0	
21:14	0,0	0,0000000	0,0	0,0	3,05	5,61	99,0	45,7	13,5	77,0	18,888	0,0	0,0	0,1	0	
21:16	0,0	0,0000000	0,1	0,1	3,06	5,56	99,0	45,7	13,5	77,0	18,888	0,0	0,0	0,3	0	
21:18	0,0	0,0000000	-0,1	0,1	3,08	5,52	99,0	45,7	13,5	77,0	18,888	0,0	0,0	0,2	0	
21:20	0,0	0,0000000	-0,1	0,1	3,10	5,48	99,0	45,7	13,5	77,0	18,888	0,0	0,0	0,3	0	
21:22	0,0	0,0000000	0,0	0,1	3,11	5,44	99,0	45,7	13,5	77,0	18,888	0,0	0,0	0,2	0	
21:24	0,0	0,0000000	0,0	0,1	3,10	5,40	99,0	45,7	13,5	77,0	18,888	0,0	0,0	0,2	0	
21:26	0,0	0,0000000	0,0	0,1	3,09	5,38	99,0	45,7	13,5	77,0	18,888	0,0	0,0	0,3	0	
21:28	0,0	0,0000000	0,0	0,1	3,07	5,37	99,3	45,6	13,5	77,0	18,888	0,0	0,0	0,1	0	
21:30	0,0	0,0000000	0,0	0,1	3,05	5,58	99,3	45,6	13,5	77,0	18,888	0,0	0,0	0,2	0	
21:32	0,0	0,0000000	0,0	0,1	3,05	5,51	99,3	45,6	13,5	77,0	18,888	0,0	0,0	0,2	0	
21:34	0,0	0,0000000	0,0	0,1	3,05	5,29	99,3	45,6	13,5	77,0	18,888	0,0	0,0	0,3	0	
21:36	0,0	0,0000000	0,0	0,1	3,06	5,37	99,3	45,6	13,5	77,0	18,888	0,0	0,0	0,3	0	
21:38	0,0	0,0000000	-0,1	0,1	3,07	5,40	99,3	45,6	13,5	77,0	18,888	0,0	0,0	0,2	0	
21:40	0,0	0,0000000	0,0	0,1	3,07	5,41	99,3	45,6	13,5	77,0	18,888	0,0	0,0	0,3	0	
21:42	0,0	0,0000000	0,0	0,1	3,07	5,44	99,3	45,6	13,5	77,0	18,888	0,0	0,0	0,2	0	
21:44	0,0	0,0000000	-0,1	0,0	3,07	5,47	99,3	45,6	13,5	77,0	18,888	0,0	0,0	0,2	0	
21:46	0,0	0,0000000	0,0	0,1	3,08	5,49	99,3	45,6	13,6	77,0	18,888	0,0	0,0	0,2	0	
21:48	0,0	0,0000000	0,0	0,1	3,09	5,53	99,4	45,6	13,5	77,2	18,888	0,0	0,0	0,2	0	
21:50	0,0	0,0000000	0,0	0,1	3,10	5,55	99,4	45,6	13,6	77,2	18,888	0,0	0,0	0,2	0	
21:52	0,0	0,0000000	0,0	0,1	3,12	5,57	99,4	45,6	13,5	77,2	18,888	0,0	0,0	0,3	0	
21:54	0,0	0,0000000	0,0	0,1	3,13	5,73	99,4	45,6	13,6	77,2	18,888	0,0	0,0	0,2	0	
21:56	0,0	0,0000000	0,0	0,1	3,14	5,64	99,4	45,6	13,6	77,2	18,888	0,0	0,0	0,1	0	
21:58	0,0	0,0000000	0,0	0,1	3,14	5,50	99,4	45,6	13,5	77,2	18,888	0,0	0,0	0,2	0	
21:60	0,0	0,0000000	0,0	0,1	3,14	5,60	99,4	45,6	13,6	77,2	18,888	0,0	0,0	0,2	0	
21:62	0,0	0,0000000	-0,1	0,1	3,13	5,65	99,4	45,6	13,5	77,2	18,888	0,0	0,0	0,2	0	
21:64	0,0	0,0000000	0,0	0,1	3,11	5,65	99,4	45,6	13,6	77,2	18,888	0,0	0,0	0,2	0	
21:66	0,0	0,0000000	0,0	0,1	3,10	5,68	99,4	45,6	13,5	77,2	18,888	0,0	0,0	0,2	0	
21:68	0,0	0,0000000	-0,1	0,1	3,09	5,70	98,9	45,6	13,5	76,9	18,888	0,0	0,0	0,2	0	
21:70	0,0	0,0000000	0,0	0,1	3,07	5,74	98,9	45,6	13,5	76,9	18,888	0,0	0,0	0,3	0	
21:72	0,0	0,0000000	0,1	0,1	3,07	5,75	98,9	45,6	13,4	76,9	18,888	0,0	0,0	0,5	0	
21:74	0,0	0,0000000	0,0	0,1	3,06	5,77	98,9	45,6	13,4	76,9	18,888	0,0	0,0	0,5	0	
21:76	0,0	0,0000000	0,0	0,1	3,07	5,78	98,9	45,6	13,4	76,9	18,888	0,0	0,0	0,3	0	
21:78	0,0	0,0000000	-0,1	0,1	3,08	5,81	98,9	45,6	13,4	76,9	18,888	0,0	0,0	0,3	0	
21:80	0,0	0,0000000	0,0	0,1	3,08	5,84	98,9	45,6	13,4	76,9	18,888	0,0	0,0	0,3	0	
21:82	0,0	0,0000000	0,0	0,1	3,08	5,82	98,9	45,6	13,3	76,9	18,888	0,0	0,0	0,1	0	
21:84	0,0	0,0000000	-0,1	0,0	3,07	5,83	98,9	45,6	13,4	76,9	18,888	0,0	0,0	0,2	0	
21:86	0,0	0,0000000	0,0	0,1	3,07	5,98	98,9	45,6	13,4	76,9	18,888	0,0	0,0	0,4	0	
21:88	0,0	0,0000000	-0,1	0,1	3,06	6,02	98,9	45,6	13,4	77,2	18,888	0,0	0,0	0,2	0	
21:90	0,0	0,0000000	0,0	0,1	3,06	6,06	98,9	45,6	13,4	77,2	18,888	0,0	0,0	0,3	0	
21:92	0,0	0,0000000	0,0	0,1	3,06	6,10	98,9	45,6	13,4	77,2	18,888	0,0	0,0	0,3	0	
21:94	0,0	0,0000000	-0,1	0,0	3,07	6,16	98,9	45,6	13,4	77,2	18,888	0,0	0,0	0,3	0	
21:96	0,0	0,0000000	0,0	0,1	3,07	6,22	98,9	45,6	13,4	77,2	18,888	0,0	0,0	0,2	0	
21:98	0,0	0,0000000	0,0	0,1	3,07	6,24	98,9	45,6	13,4	77,2	18,888	0,0	0,0	0,3	0	
22:00	0,0	0,0000000	-0,1	0,1	3,08	6,25	98,9	45,6	13,5	77,2	18,888	0,0	0,0	0,3	0	
22:02	0,0	0,0000000	0,0	0,1	3,08	6,27	98,9	45,6	13,5	77,2	18,888	0,0	0,0	0,2	0	
22:04	0,0	0,0000000	0,0	0,1	3,07	6,28	98,9	45,6	13,5	77,2	18,888	0,0	0,0	0,3	0	
22:06	0,0	0,0000000	0,0	0,1	3,06	6,07	98,9	45,6	13,5	77,2	18,888	0,0	0,0	0,1	0	
22:08	0,0	0,0000000	0,0	0,1	3,06	5,97	98,8	45,6	13,5	76,6	18,888	0,0	0,0	0,3	0	
22:10	0,0	0,0000000	0,0	0,1	3,06	6,25	98,8	45,6	13,5	76,6	18,888	0,0	0,0	0,2	0	
22:12	0,0	0,0000000	0,0	0,1	3,07	6,35	98,8	45,6	13,5	76,6	18,888	0,0	0,0	0,3	0	
22:14	0,0	0,0000000	-0,1	0,1	3,09	6,30	98,8	45,6	13,6	76,6	18,888	0,0	0,0	0,3	0	
22:16	0,0	0,0000000	0,0	0,1	3,11	6,27	98,8	45,6	13,5	76,6	18,888	0,0	0,0	0,2	0	
22:18	0,0	0,0000000	0,0	0,1	3,12	6,32	98,8	45,6	13,5	76,6	18,888	0,0	0,0	0,4	0	
22:20	0,0	0,0000000	0,0	0,0	3,12	6,30	98,8	45,6	13,5	76,6	18,888	0,0	0,0	0,2	0	
22:22	0,0	0,0000000	0,0	0,1	3,11	6,30	98,8	45,6	13,5	76,6	18,889	0,0	0,0	0,2	0	
22:24	0,0	0,0000000	0,0	0,0	3,10	6,27	98,8	45,6	13,6	76,6	18,889	0,0	0,0	0,3	0	
22:26	0,0	0,0000000	0,0	0,1	3,09	6,16	98,8	45,6	13,5	76,6	18,889	0,0	0,0	0,3	0	
22:28	0,0	0,0000000	0,0	0,1	3,08	5,99	98,9	45,6	13,5	76,6	18,889	0,0	0,0	0,2	0	
22:30	0,0	0,0000000	0,0	0,1	3,08	6,29	98,9	45,6	13,5	76,6	18,889	0,0	0,0	0,3	0	
22:32	0,0	0,0000000	-0,1	0,1	3,08	6,25	98,9	45,6	13,5	76,6	18,889	0,0	0,0	0,2	0	
22:34	0,0	0,0000000	0,0	0,1	3,09	6,17	98,9	45,6	13,5	76,6	18,889	0,0	0,0	0,2	0	
22:36	0,0	0,0000000	0,0	0,1	3,10	6,13	98,9	45,6	13,5	76,6	18,889	0,0	0,0	0,2	0	
22:38	0,0	0,0000000	0,0	0,0	3,10	6,10	98,9	45,6	13,5	76,6	18,889	0,0	0,0	0,3	0	
22:40	0,0	0,0000000	0,0	0,1	3,10	6,07	98,9	45,6	13,5	76,6	18,889	0,0	0,0	0,3	0	
22:42	0,0	0,0000000	0,0	0,1	3,10	6,03	98,9	45,6	13,5	76,6	18,889	0,0	0,0	0,2	0	
22:44	0,0	0,0000000	-0,1	0,1	3,08	5,98	98,9	45,6	13,5	76,6	18,889	0,0	0,0	0,4	0	
22:46	0,0	0,0000000	0,0	0,1	3,07	5,97	98,9	45,6	13,5	76,6	18,889	0,0	0,0	0,2	0	
22:48	0,0	0,0000000	0,0	0,1	3,06	5,94	98,9	45,6	13,5	76,9	18,889	0,0	0,0	0,2	0	
22:50	0,0	0,0000000	0,0	0,1	3,06	6,03	98,9	45,6	13,5	76,9	18,889	0,0	0,0	0,2	0	
22:52	0,0	0,0000000	0,0	0,1	3,05	6,07	98,9	45,6	13,5	76,9	18,889	0,0	0,0	0,1	0	
22:54	0,0	0,0000000	0,0	0,1	3,06	5,90	98,9	45,6	13,5	76,9	18,889	0,0	0,0	0,4	0	
22:56	0,0	0,0000000	0,0	0,1	3,07	5,83	98,9	45,6	13,5	76,9	18,889	0,0	0,0	0,2	0	
22:58	0,0	0,0000000	-0,1	0,0	3,08	5,81	98,9	45,6	13,5	76,9	18,889	0,0	0,0	0,2	0	
22:60	0,0	0,0000000	-0,1	0,1	3,08	5,76	98,9	45,6	13,6	76,9	18,889	0,0	0,0	0,2	0	
22:62	0,0	0,0000000	0,0	0,1	3,08	5,67	98,9	45,6	13,6	76,9	18,889	0,0	0,0	0,2	0	
22:64	0,0	0,0000000	0,0	0,1	3,08	5,61	98,9	45,6	13,6	76,9	18,889	0,0	0,0	0,3	0	
22:66	0,0	0,0000000	0,0	0,1	3,07	5,55	98,9	45,6	13,6	76,9	18,889	0,0	0,0	0,1	0	
22:68	0,0	0,0000000	0,0	0,1	3,07	5,53	98,8	45,6	13,6	76,9	18,889	0,0	0,0	0,2	0	
22:70	0,0	0,0000000	0,0	0,0	3,07	5,46	98,8	45,6	13,5	76,9	18,889	0,0	0,0	0,2	0	
22:72	0,0	0,0000000	-0,1	0,1	3,06	5,40	98,8	45,6	13,5	76,9	18,889	0,0	0,0	0,3	0	
22:74	0,0	0,0000000	-0,1	0,1	3,06	5,54	98,8	45,6	13,5	76,9	18,889	0,0	0,0	0,4	0	
22:76	0,0	0,0000000	0,0	0,1	3,04	5,53	98,8	45,6	13,5	76,9	18,889	0,0	0,0	0,2	0	
22:78	0,0	0,0000000	0,0	0,1	3,03	5,29	98,8	45,6	13,5	76,9	18,889	0,0	0,0	0,2	0	
22:80	0,0	0,0000000	-0,1	0,1	3,02	5,36	98,8	45,6	13,7	76,9	18,889	0,0	0,0	0,3	0	
22:82	0,0	0,0000000	0,0	0,1	2,99	5,39	98,8	45,6	13,6	76,9	18,889	0,0	0,0	0,2	0	
22:84	0,0	0,0000000	0,0	0,1	2,90	5,48	98,8	45,6	13,4	76,9	18,889	0,0	0,0	0,2	0	
22:86	0,0	0,0000000	0,0	0,1	2,73	4,76	98,8	45,6	13,3	76,9	18,889	0,0	0,0	0,2	0	
22:88	0,0	0,0000000	-0,1	0,1	2,56	3,91	98,4	45,6	13,2	77,2	18,889	0,0	0,0	0,3	0	
22:90	0,0	0,0000000	0,0	0,1	2,43	3,14	98,4	45,6	13,2	77,2	18,889	0,0	0,0	0,2	0	
22:92	0,0	0,0000000	0,0	0,1	2,33	2,75	98,4	45,6	13,2	77,2	18,889	0,0	0,0	0,2	0	
22:94	0,0	0,0000000	0,0	0,1	2,25	2,47	98,4	45,6	13,2	77,2	18,889	0,0	0,0	0,2	0	
22:96	0,0	0,0000000	0,0	0,1	2,17	1,81	98,4	45,6	13,2	77,2	18,889	0,0	0,0	0,2	0	
22:98	0,0	0,0000000	0,0	0,1	2,08	1,78	98,4	45,6	13,2	77,2	18,889	0,0	0,0	0,2	0	
23:00	0,0	0,0000000	0,0	0,1	2,00	1,34	98,4	45,6	13,2	77,2	18,889	0,0	0,0	0,3	0	
23:02	0,0	0,0000000	0,0	0,1	1,91	1,32	98,4	45,6	13,2	77,2	18,889	0,0	0,0	0,2	0	
23:04	0,0	0,0000000	0,0	0,1	1,80	1,06	98,4	45,6	13,2	77,2	18,889	0,0	0,0	0,2	0	
23:06	0,0	0,0000000	0,0	0,1	1,68	1,20	98,4	45,6	13,2	77,2	18,889	0,0	0,0	0,2	0	
23:08	0,0	0,0000000	0,0	0,1	1,57	0,99	98,9	45,6	13,2	76,9	18,889	0,0	0,0	0,2	0	
23:10	0,0	0,0000000	0,0	0,1	1,47	1,09	98,9	45,6	13,2	76,9	18,889	0,0	0,0	0,3	0	
23:12	0,0	0,0000000	0,0	0,1	1,38	1,13	98,9	45,6	13,2	76,9	18,889	0,0	0,0	0,3	0	
23:14	0,0	0,0000000	0,0	0,1	1,28	1,05	98,9	45,6	13,2	76,9	18,889	0,0	0,0	0,1	0	
23:16	0,0	0,0000000	0,0	0,1	1,16	1,03	98,9	45,6	13,2	76,9	18,889	0,0	0,0	0,2	0	
23:18	0,0	0,0000000	0,0	0,1	1,00	1,05	98,9	45,6	13,2	76,9	18,889	0,0	0,0	0,3	0	
23:20	0,0	0,0000000	0,0	0,1	0,83	1,11	98,9	45,6	13,2	76,9	18,889	0,0	0,0	0,3	0	
23:22	0,0	0,0000000	-0,1	0,1	0,67	1,12	98,9	45,6	13,2	76,9	18,889	0,0	0,0	0,2	0	
23:24	0,0	0,0000000	-0,1	0,0	0,51	1,12	98,9	45,6	13,2	76,9	18,889	0,0	0,0	0,3	0	
23:26	0,0	0,0000000	-0,1	0,1	0,36	1,10	98,9	45,6	13,2	76,9	18,889	0,0	0,0	0,2	0	
23:28	0,0	0,0000000	-0,1	0,1	0,20	1,09	99,0	45,6	13,2	76,6	18,889	0,0	0,0	0,1	0	
23:30	0,0	0,0000000	0,0	0,0	0,04	1,08	99,0	45,6	13,2	76,6	18,889	0,0	0,0	0,2	0	
23:32	0,0	0,0000000	-0,1	0,1	-0,10	1,08	99,0	45,6	13,1	76,6	18,889	0,0	0,0	0,3	0	
23:34	0,0	0,0000000	0,0	0,1	-0,21	1,08	99,0	45,6	13,2	76,6	18,889	0,0	0,0	0,2	0	
23:36	0,0	0,0000000	0,0	0,1	-0,28	1,08	99,0	45,6	13,1	76,6	18,889	0,0	0,0	0,3	0	
23:38	0,0	0,0000000	0,0	0,0	-0,29	1,08	99,0	45,6	13,1	76,6	18,889	0,0	0,0	0,3	0	
23:40	0,0	0,0000000	0,0	0,1	-0,28	1,08	99,0	45,6	13,1	76,6	18,889	0,0	0,0	0,2	0	
